Expected_score:	-0.7192571621165327
Entropy:	1.972924653262233