	z	a	q	v	f	r	x	s	w	c	d	e	n	h	y	t	b	g
z	1.2004321795683586	-1.0831906592746423	-2.5791430449366772	-0.7055169123943587	-2.660477922460774	-3.4747765694754906	-1.9378419356742091	-0.4376367916900478	0.5253050637085144	-1.1714146567672818	-0.41650435322108775	-1.2580880578782077	-0.9172837077172517	-0.46578945734047084	-0.46845723084428037	-1.4207493820464312	-0.5126852371330793	-0.6551008010181195
a	-1.0831906592746423	2.280004476988462	-0.41502633574071435	-1.0937645836775713	-0.9750475598579711	-2.897901626797353	-2.0071381242238613	-2.3111450055247422	-1.1669063995359812	-1.743932166236195	-1.545636913127452	-2.3199153354239384	-0.9132890480000065	-0.9062197124180222	-0.45482514176450256	-2.581839856654502	-0.43312222081545754	-0.42982167333639953
q	-2.5791430449366772	-0.41502633574071435	4.749555869055327	-2.3358755512874296	-2.9940081955899145	-0.669654422470514	-3.5181972588302797	-3.97909510522801	-2.8224740336450114	-2.8259270581895057	-3.3706870359871344	-4.289505325898591	-1.8664887841553421	-2.601105181886109	-1.8701371755524057	-3.849480697680615	-0.5222647980890178	-1.270067498443128
v	-0.7055169123943587	-1.0937645836775713	-2.3358755512874296	3.778281011204462	0.5226482026117857	-0.016422326905312614	-1.6511454131617234	-2.125272289379673	-2.34441806768202	-1.3253605253704828	-1.4517775299213866	-2.066818396130551	1.2399158808920534	1.2720757976321735	1.235046612996123	-0.6586929491746962	-0.46036551399152914	1.2727414948734086
f	-2.660477922460774	-0.9750475598579711	-2.9940081955899145	0.5226482026117857	3.31398182468276	0.2548213222287624	-3.2264380490718625	-3.620434470291411	-4.259696120014878	-2.856387244114527	-3.4736284299597804	-4.339738005295563	-0.3182922165694334	-0.6612865153358499	-0.6113475467351436	-1.9584351625126861	-1.8662524068189237	1.2170446391681462
r	-3.4747765694754906	-2.897901626797353	-0.669654422470514	-0.016422326905312614	0.2548213222287624	5.376423736372228	-3.399609606114835	-3.590536128025473	-4.96330382725126	-3.526829987875018	-3.922309691431837	-5.16163050962183	0.39028235588274757	-0.07443930249846481	0.6928657610635579	-3.1521458828669853	-2.6869648709501854	1.7704488745138995
x	-1.9378419356742091	-2.0071381242238613	-3.5181972588302797	-1.6511454131617234	-3.2264380490718625	-3.399609606114835	2.6886378766831833	0.08475816491726482	-0.841828875434848	-1.3303333301358242	-0.952385132522334	-1.3009297015189352	0.0608215835180516	-0.09764263196287187	-0.026009625395229476	-2.747354804350778	-0.7706352096653375	-0.8367086408960915
s	-0.4376367916900478	-2.3111450055247422	-3.97909510522801	-2.125272289379673	-3.620434470291411	-3.590536128025473	0.08475816491726482	5.037150174936106	2.059220492307793	-1.0983789448599965	-0.810457255863841	-1.901059844726531	-0.5487031051248265	-0.06871306620150112	0.9459173207077	-1.8124791692454831	-0.7400656224833034	-1.3442605860818042
w	0.5253050637085144	-1.1669063995359812	-2.8224740336450114	-2.34441806768202	-4.259696120014878	-4.96330382725126	-0.841828875434848	2.059220492307793	6.311002234222159	0.5763988918658323	1.113577579382136	-0.3850496448504964	-1.1982121943677053	-0.7701008126056758	1.4774169715406975	-0.3019996940120479	-0.13273621917094433	-2.1565989396399794
c	-1.1714146567672818	-1.743932166236195	-2.8259270581895057	-1.3253605253704828	-2.856387244114527	-3.526829987875018	-1.3303333301358242	-1.0983789448599965	0.5763988918658323	3.4549820291322755	1.3604739000458088	-0.5076363136512955	0.40501543113112354	1.0904394918505362	0.23094836523061793	-1.5250707016443084	0.49159242644167395	-0.4955377338276199
d	-0.41650435322108775	-1.545636913127452	-3.3706870359871344	-1.4517775299213866	-3.4736284299597804	-3.922309691431837	-0.952385132522334	-0.810457255863841	1.113577579382136	1.3604739000458088	5.922005549133162	0.6231647515736286	-0.3717293006086624	1.5208644544574155	0.16352018044492753	-1.3335730256347091	-0.11320927654152228	-1.0209258254974767
e	-1.2580880578782077	-2.3199153354239384	-4.289505325898591	-2.066818396130551	-4.339738005295563	-5.16163050962183	-1.3009297015189352	-1.901059844726531	-0.3850496448504964	-0.5076363136512955	0.6231647515736286	7.28679528845622	-1.1722390973132668	-0.4834030115818993	-0.3315238803655052	-1.8692153502146962	-0.33545728082970916	-1.5978088542946167
n	-0.9172837077172517	-0.9132890480000065	-1.8664887841553421	1.2399158808920534	-0.3182922165694334	0.39028235588274757	0.0608215835180516	-0.5487031051248265	-1.1982121943677053	0.40501543113112354	-0.3717293006086624	-1.1722390973132668	5.888951439716538	3.5548084942291487	2.8542468541633426	-0.3580694082831357	-0.10876790493265985	2.34061400336962
h	-0.46578945734047084	-0.9062197124180222	-2.601105181886109	1.2720757976321735	-0.6612865153358499	-0.07443930249846481	-0.09764263196287187	-0.06871306620150112	-0.7701008126056758	1.0904394918505362	1.5208644544574155	-0.4834030115818993	3.5548084942291487	6.3078474778292595	3.364129513834547	-0.020566105441394325	0.20988601190281841	1.7144036378734917
y	-0.46845723084428037	-0.45482514176450256	-1.8701371755524057	1.235046612996123	-0.6113475467351436	0.6928657610635579	-0.026009625395229476	0.9459173207077	1.4774169715406975	0.23094836523061793	0.16352018044492753	-0.3315238803655052	2.8542468541633426	3.364129513834547	8.20931891982949	0.15351967962890398	0.05365712033098435	1.6106784330343356
t	-1.4207493820464312	-2.581839856654502	-3.849480697680615	-0.6586929491746962	-1.9584351625126861	-3.1521458828669853	-2.747354804350778	-1.8124791692454831	-0.3019996940120479	-1.5250707016443084	-1.3335730256347091	-1.8692153502146962	-0.3580694082831357	-0.020566105441394325	0.15351967962890398	2.2305092620884315	-0.9482597259819997	-0.4579734382143202
b	-0.5126852371330793	-0.43312222081545754	-0.5222647980890178	-0.46036551399152914	-1.8662524068189237	-2.6869648709501854	-0.7706352096653375	-0.7400656224833034	-0.13273621917094433	0.49159242644167395	-0.11320927654152228	-0.33545728082970916	-0.10876790493265985	0.20988601190281841	0.05365712033098435	-0.9482597259819997	4.918988054874825	0.6783799928485219
g	-0.6551008010181195	-0.42982167333639953	-1.270067498443128	1.2727414948734086	1.2170446391681462	1.7704488745138995	-0.8367086408960915	-1.3442605860818042	-2.1565989396399794	-0.4955377338276199	-1.0209258254974767	-1.5978088542946167	2.34061400336962	1.7144036378734917	1.6106784330343356	-0.4579734382143202	0.6783799928485219	5.614411467531341
