Expected_score:	-0.4179173466865923
Entropy:	1.3005518165307473