Expected_score:	-0.2137727782852372
Entropy:	0.8227390877431187