	a	b	c	d	e	f	g	h	i	=	l	m	n	o	p	q	r	s	t	u	v	w	x	y	z	^	!	""""	#	$	%	&	'	(	)	+	2	3	4	5	6	7	8	9	0	>	A	B	C	D	E	F	G	H	I	J	K	L	M	N	O	P	Q	R	S	T	U	V	W	Y	Z	~	?	_	|	/	\	@	{	}	[	]	:
a	7.06306858446	0.961366112645	0.172864522806	-0.62888732703	-0.638492214166	-1.11073144605	-1.31731205781	-1.19447519082	-1.02112526497	-1.17286328466	-1.42017207902	-1.23745593611	-1.00591049627	-1.09746465704	-0.44734756438	-0.651235625825	0.829103677505	2.56300059761	-0.231512952742	-1.94370126255	0.593326959375	0.481940241299	0.295517284593	-0.571318442041	4.56430735347	0.558091574001	0.301887525746	0.807186862045	1.17634923905	0.989552366359	0.484587670875	0.422795876572	1.67644379018	0.521217774388	0.964680718777	0.435377659979	0.0620283083644	1.24206571356	0.636927972827	0.583721787491	0.526081226039	0.266827907498	0.22784054091	1.17834101176	0.611624711791	1.42497642867	1.02767022116	-0.319475334103	-0.380797759032	-0.380509990859	-2.04875690573	-1.11017127903	-2.93508246294	-1.38101146072	-1.38062686816	-3.6247169575	-0.0774913481906	0.516240891587	-0.25883763829	-0.193906303375	-0.565767673353	-0.454801359072	1.64769356466	0.731263025952	-0.998825561467	-0.911198581751	-1.52379976379	0.788427466362	-0.327630663102	-0.112772617025	-0.482594408767	0.538720044511	-0.798080014228	0.929256061302	-0.604968606965	1.09903903878	-0.951782429397	-1.12202392536	-0.91958195536	-0.501956444299	-1.25371778786	0.432360808453	-0.521543951041
b	0.961366112645	4.73238919629	0.6525979858	-0.536157878397	-0.912211803826	-0.879687515009	-0.875048600598	-1.39408607131	-1.08794795752	-1.40349002557	-1.33875081568	-1.47782496953	-1.27299225091	-1.27307533661	-1.47805129302	-0.958327683372	-0.675039141633	-1.08919707255	-0.606595355408	-0.394890256562	0.314517436928	-0.209579521233	1.12313983996	-0.662182555873	0.225515726194	0.46138658158	-0.811287961695	-0.415797298286	0.453928657541	1.20724460135	2.63370673326	0.844347572135	2.06949099038	0.498157976036	2.37290374989	1.18919217723	-0.147795895206	0.14763858612	-0.0801235378481	1.17449768889	2.61828880466	0.736923864744	1.0663972584	0.00177999414138	2.39015032975	0.714430694793	0.752592832366	0.270841954275	-0.232343755528	-0.0324970225014	-0.307602254958	-0.54145167015	-2.57273296677	-1.27899506987	-1.49109311835	-3.41718111057	-0.221132264901	0.549889064276	0.222518172523	-0.174338565794	-0.665093365933	-0.220703317926	-1.15183917208	-0.356567027791	-0.250154347492	-1.26206304133	-2.51209414399	0.254698949636	-0.900887544014	-0.17728540391	-0.108856727495	0.933553915644	0.551126504388	-0.290985046939	0.839011217048	-0.439170895028	0.381851285299	0.838282541945	0.0895190509218	-0.391279696062	-0.790079925457	-0.288194194933	-0.799329826968
c	0.172864522806	0.6525979858	3.74496654635	0.0535014570504	-0.788417065133	-0.976867381264	-1.40197945742	-1.20608110109	-1.49047479777	-1.7754512779	-1.99464525529	-2.14666342102	-1.9368285603	-1.34662323969	-2.01855012797	-1.21435090714	-1.38298782307	-2.28176889725	-2.44927442977	-2.07366449747	0.408542804792	-0.371966861669	0.631783866911	0.0671672240284	0.226077243797	0.429890947785	-0.877017737581	-0.826931117129	-0.280682814173	0.753282472457	-0.437162077874	-0.215792766491	0.731987718572	-0.377811897861	-0.125522644198	1.02036524465	-0.837233275043	-1.11271255526	-0.664682674743	-0.186577201296	-0.169553015331	-0.209296022138	0.442813425477	0.13161837554	-0.253541508592	0.84697288501	0.17428321447	-0.100333073479	-0.0254892244174	0.0580806358485	0.0655157282851	-0.628844581083	-2.93013132204	-1.4138260733	-1.27222965345	-3.29425918263	-0.714332191483	-0.279609517653	-0.594437971368	-0.50413533992	-1.34516449869	0.620774757881	0.235544316723	-2.17137789985	-2.12702618768	-1.4668204317	-1.03051201327	-0.133322282387	-4.15627100746	-0.496560279854	-0.622761469921	0.268500413422	-0.205927767197	1.01794348103	0.465864172723	-0.771595394237	1.28207315198	-0.88371402579	-0.43067264534	-0.389239149785	-1.03643167597	-0.474373011875	-1.1607607147
d	-0.62888732703	-0.536157878397	0.0535014570504	2.97987611085	-0.244536379561	-1.22039615427	-1.58449132139	-1.75038366655	-2.10094024219	-2.54706986255	-2.12708026204	-2.75583190847	-2.16626832333	-2.01920023341	-2.60456574103	-1.98446413043	-2.92562429004	-2.39032454231	-3.17553460131	-2.31571810353	0.503112198619	-1.20126654705	-0.894735533628	-1.34439916574	-1.53893761522	-0.255752018608	-1.93617606111	-1.88747151406	-0.935266073754	-0.68065917891	-1.29757357361	-1.67696823742	-0.103150240476	0.254620905138	-0.63449148956	0.183949838334	-0.914457609744	-1.68194715466	-1.35484819983	0.0156111517815	-0.736942936874	-0.145450560724	-0.449821282546	-0.00259977294114	-0.190429683115	-0.0132039029991	-0.814072290448	-0.714054917421	-0.633458940093	-0.106411817801	-1.64339079316	-1.31210767965	-3.31848204411	-1.86100124208	-1.79190673058	-4.01079741611	-1.13595429386	-0.884224425665	-1.19629527389	-0.814922900756	-1.74323865213	-1.02804793497	-0.0442433592509	-1.46494451541	-1.91617372983	-2.37044052894	-3.67818712946	-1.75827732208	-5.28937295082	-0.61508328611	-1.08089276568	-0.963590624573	-0.521639772104	-0.767370223753	-0.532440992602	-0.197250830356	-0.52120729434	-0.844979353492	-0.554097273123	-0.864414469486	-1.1826340731	-0.760173222028	-2.10133065138
e	-0.638492214166	-0.912211803826	-0.788417065133	-0.244536379561	2.78564124166	-0.131727251132	-1.03871484592	-1.6982705014	-1.48955767481	-2.35346956487	-3.42915643217	-3.1666756672	-2.63822374717	-2.31627327008	-3.02241185286	-2.16768849073	-2.01845400886	-2.74503823943	-3.10630209588	-3.01063514812	-2.58185452762	-2.21412658136	-2.45182514043	-2.92188869867	-2.97241001927	-0.633015873228	-1.93351732753	-2.02630854111	-1.55122148206	-1.1938115216	-1.69837418419	-1.46740865171	-1.34284068726	-1.3948588183	-2.50108289988	-1.16700766941	-0.259256304461	-1.23654424711	-0.838949200192	0.600718935514	0.287806609988	0.558466377084	1.00048166158	1.73208840369	1.58677128428	0.501740044408	0.030541185068	-0.676321905441	-0.97403612821	-0.913654636715	-1.16287493598	-1.53206825068	-3.75339960643	-1.27521605315	-1.60517589941	-3.96319532511	-1.53472079054	-0.998189947103	-0.991939961142	-1.36703507928	-1.00777024368	-0.491547450915	-1.87376355427	0.842074122522	0.720070593856	-3.50820673369	-3.38384232156	-3.03990623168	-2.92463881504	-0.813715812676	-0.550298666602	-1.57931630239	-1.16195158647	-0.859717133193	-1.34272073493	-0.587404196734	-0.11508923779	-0.187130820324	-1.40159338781	-0.0234038440415	-1.8631724455	-0.443706806557	-2.32913965663
f	-1.11073144605	-0.879687515009	-0.976867381264	-1.22039615427	-0.131727251132	3.77612693629	0.642415589447	-0.733482023058	-0.74930769769	-1.45832056196	-2.39139769785	-2.53046359775	-2.36159272044	-2.17045527288	-1.9277133201	-1.55713406267	-1.67083375023	-2.04748203775	-3.29398744272	-3.29345770461	-0.613332562123	-1.42858419647	-1.2493109728	-2.22009766347	-1.04502259673	-1.35784849904	-1.62851475859	-2.01372514082	-1.02465428314	-0.680576615812	-0.881534699534	-1.53656746148	-1.30845076098	-0.915357592353	-0.0618319641003	-0.62972281697	-1.16087185414	-2.18531724359	-1.5556738258	-0.40508968945	-0.724534314679	-0.163965106648	-0.0749890951135	0.0696725312214	0.054823812732	-0.616249773718	-1.04697898276	-0.81355171345	-0.816704747239	-0.500387540429	-2.05007624053	-0.639037455132	-2.25687236434	-0.824686706496	-1.29691199127	-3.39205573988	-1.16288798695	-0.787579266302	-0.685575437728	-0.866808671598	-0.136326205839	0.78464169248	-2.66690643198	-1.55053082561	-2.30264571936	-3.69306603645	-1.9430971391	-0.341363291752	-2.00996244424	-0.350129614735	-0.802894128447	-0.956160682604	0.387024992008	-0.965030972703	-0.137240692491	-1.48723002058	1.17324071152	0.32525703163	-0.64502031	-0.426243346597	-1.33189755543	-0.686246211169	-2.36574466596
g	-1.31731205781	-0.875048600598	-1.40197945742	-1.58449132139	-1.03871484592	0.642415589447	3.68848754801	0.576489597923	0.194478651426	-0.517664686713	-3.01536364846	-2.76720378113	-2.92672827833	-2.10136618	-2.75901764828	-1.73528466587	-2.40026827134	-2.6505570679	-2.98644192122	-3.91153787552	0.661939997209	-1.95573122973	-0.981897833235	-0.504623534114	-1.04142308057	-0.779043394414	-1.85484097171	-2.36430707546	-1.21425085409	-1.77048310567	-1.87677658217	-1.65953899263	-2.85689912308	0.286137493719	-2.09944955505	-2.4882713903	-1.63234193499	-2.60518011687	-1.67862008221	-0.889531439096	-0.887714113108	-1.10022949929	-1.18981284298	-0.598599361078	-0.721035045464	-0.785702508514	-0.615579309103	-0.414220331647	-0.119760756027	0.110520217876	-1.23685405254	0.795937504789	0.595774674197	0.578136909088	-0.780902217626	-3.4802088906	-1.34083935388	-0.293075483211	-1.29530388322	-2.00796059718	-0.37508404815	-2.58604582876	-2.93524687488	-1.44889104421	-2.90767760982	-2.89043995799	-2.91807863931	-1.81230228662	0.126087367934	0.129713438411	-1.27969809946	-1.35730796348	0.191305221272	-1.00637053928	1.20479689728	0.406291041203	0.785967088768	1.14544679893	-0.375750231381	0.350194178912	-1.28776227012	-0.784651723515	-2.42016088768
h	-1.19447519082	-1.39408607131	-1.20608110109	-1.75038366655	-1.6982705014	-0.733482023058	0.576489597923	4.51115864537	1.61507967245	-0.00681780426537	-3.28688301714	-4.25201385372	-3.45929354588	-2.84580781002	-2.61349976591	-2.51871916684	-2.82580155352	-2.24823356676	-2.51969689291	-5.01975088011	-0.321139149329	-5.14932453358	-0.0453994488195	-2.53515855601	2.64914108624	-3.27387055112	-1.69966785783	-2.12681244249	-1.40534832155	-0.706299470308	-1.30037981874	-1.0965495003	-1.62511553922	-1.11742653086	1.56911621299	-1.70993462001	-1.45254607193	-2.66393092463	-2.41699955714	-1.55733436296	-1.92095071071	-1.80546957519	-0.486265302908	-1.02289071595	-1.85346719651	0.675356298235	-0.934885265249	-0.853847218807	-0.92486616755	-0.572089495274	-2.15051996589	-0.115617437683	-0.466080159927	-0.247107178561	-0.896127507699	-3.75484563132	-1.14324598502	-0.644650514374	-0.667709991834	0.18974443107	-0.959993250932	-3.13853355385	-4.25326934633	-1.46704234165	-3.26752025696	-4.17989327725	-4.79249445929	-3.48026722913	1.76122664602	-0.500966852037	-2.00179083153	-2.59247112723	-2.59822170112	-3.19029519489	-3.1478382659	-1.181529757	-2.22047712489	-0.694724807743	-0.565305745744	-0.439608058203	-1.09212436594	-0.916816136072	-2.58826287842
i	-1.02112526497	-1.08794795752	-1.49047479777	-2.10094024219	-1.48955767481	-0.74930769769	0.194478651426	1.61507967245	5.6175639721	2.42171906332	-3.62163158622	-2.78773075138	-2.95312213765	-3.13742069283	-1.57542107949	-1.96817235045	-2.35855003017	-2.13141634961	-2.88892067708	-4.97739036045	0.346131306044	-4.68299338988	-1.28445384586	-1.33186181814	0.0573380539577	-2.56377333528	-1.54169005458	-2.35774676913	-2.08374162517	-1.19359912276	-2.11936232251	-1.92769340776	-2.30562578385	1.66787029388	-1.98207274235	-2.7424950269	-1.08767035594	-1.69850224237	-1.82388507205	-1.17482880972	-0.502874735618	-1.10554780355	-1.04054443888	-1.04932837476	-0.179850523858	-0.833066606902	-1.1821176458	-1.26942857147	-1.20579750727	-0.249786081837	-1.81821848189	-0.635269193706	-1.34626706959	-0.332416953319	0.956555788203	-2.52821139836	-1.22896271956	-0.225902964586	-2.45073831707	-2.89725984934	-1.45768281012	-1.81238006819	-3.88647387618	-2.17063619939	-1.57879669192	-0.75420411804	-0.518808393529	-4.96146866554	-0.322639292836	-0.443067724502	-1.04811438292	-0.0502962255467	-0.204403057198	-2.06099903846	-0.715454454119	1.62724956006	0.0125669563717	-0.7459384034	-0.971923760159	-0.390896770664	-0.71173983104	-0.233378384285	-1.85095480285
=	-1.17286328466	-1.40349002557	-1.7754512779	-2.54706986255	-2.35346956487	-1.45832056196	-0.517664686713	-0.00681780426537	2.42171906332	4.5337132208	-4.37786179823	-3.91566843633	-3.22998834382	-3.38676511885	-4.54340611068	-3.26414502514	-3.04745853894	-4.13599829619	-4.98954290685	-6.1758198868	0.392372039247	-4.09754605569	-3.30280565441	0.0223191440768	-1.17445289165	-2.92334457733	-1.58435932752	-2.43906088767	-3.04485916333	-1.51099689273	-2.3206976489	-1.78803202311	-3.10063571723	-3.66873139562	-2.29565777912	-3.71504314584	-1.41219327168	-2.73724932018	-2.50588722159	-2.34972710686	-1.70227492408	-1.77714195669	-2.75699419919	-3.21452157164	-2.83961120176	-1.10200772862	-1.88847101801	-2.11218680115	-2.24494865857	-1.6958957584	-3.07083537539	-2.15302335323	-3.77238107125	-1.64283314117	-1.42145904368	-1.31080134911	-1.99580457784	-1.52793713869	-1.8337942768	-1.26777195419	-0.0261170788162	-4.2703550143	-4.39959037648	-4.55822181761	-5.55134481086	-6.04868033186	-5.07631901319	-6.93401678447	-2.29518741177	-2.22962640575	-2.18281981606	-1.15581820975	-2.89422096896	-3.78962157451	-4.33436561844	-4.13629003473	-2.04487006015	-1.05161282383	-1.54823996541	-1.58951296908	-0.581246076453	-0.138203151649	-3.5682927324
l	-1.42017207902	-1.33875081568	-1.99464525529	-2.12708026204	-3.42915643217	-2.39139769785	-3.01536364846	-3.28688301714	-3.62163158622	-4.37786179823	6.46341400211	0.105056889476	2.04983969882	-0.828387031458	0.47167083315	-0.426675809124	-0.463180741957	0.693317952062	-3.03938911349	-4.79186420072	-0.750082166226	-0.451227051624	-1.64829725253	-1.57088696069	-2.34584624434	-1.75204517737	-0.396099777316	-1.04657482912	-1.77828333635	1.22532675435	-2.74462908511	-2.38972606227	-2.42435669268	-2.84733566321	-1.04130263943	-1.55971738209	-1.07677799085	-0.273221130246	-0.304719319717	-0.00855819265869	-1.18384806867	2.99439062291	-1.64014258325	-0.23448664533	-0.772512621022	-0.621648914041	-2.03781414879	-1.38952502232	-2.17887370755	-1.24825571149	-3.06458924685	-3.17376020291	-4.37367942744	-1.23544931233	-2.78828012544	-5.12116909947	1.2760485937	-0.830988777198	-1.1763742795	1.68048005777	-1.21716399786	-1.81246648052	-0.787974068793	-0.218977780331	-2.43449319492	-1.3468662152	-2.95946739725	-3.23220266781	-1.76329829655	-2.26559736356	-2.03939847972	-1.57501949405	-1.10542355071	-1.1646230549	-2.04063624042	-2.26736593223	-0.27197284543	-2.2473514382	-0.254257383042	-1.38346762381	-0.389705367004	-2.07688070469	-2.12704526269
m	-1.23745593611	-1.47782496953	-2.14666342102	-2.75583190847	-3.1666756672	-2.53046359775	-2.76720378113	-4.25201385372	-2.78773075138	-3.91566843633	0.105056889476	4.36691774919	-0.0633134566409	0.286830548316	-1.17988114399	-1.40435208788	-1.81962566037	-1.81481692835	-1.72743650398	-2.41042343461	-0.86517933938	-1.69541080969	-3.13550827774	0.89074079171	-1.94210821781	-1.26889918813	-1.33024091703	-1.08804904155	-0.0279887362806	-0.454529348799	-0.988568959308	-2.04582907853	-2.50668683364	-1.47527411304	-1.57855434714	-1.55869562665	-1.57840953181	-2.8374170643	-1.9908891968	-1.19599426522	-1.619655916	-0.0830992295398	-3.1174551474	-0.652696365137	-1.95965498531	-1.3109037152	0.171445641934	-1.22344891908	-0.984136455706	-0.854189768385	-2.45541134992	-1.47628305017	-4.62249681008	-2.31622477833	-1.730952879	-4.49231013623	0.556956926954	1.19868665045	0.220021066642	0.342032220883	-0.0833022289399	-0.167298575495	-3.12984573084	-2.50711745844	-3.50024045169	-1.51214914553	-3.34714274891	-2.95691300675	-1.15097364821	0.515741206277	0.250092814558	1.2012063681	0.0918635983572	-0.318678729801	0.0184536147246	-0.748150688281	0.911375112675	-1.3412955868	-0.399917127465	-1.3082557982	-1.4686537243	-1.42059958147	-3.19995582275
n	-1.00591049627	-1.27299225091	-1.9368285603	-2.16626832333	-2.63822374717	-2.36159272044	-2.92672827833	-3.45929354588	-2.95312213765	-3.22998834382	2.04983969882	-0.0633134566409	5.34487437237	1.91470185088	-0.0463968330761	-0.501412117072	-0.733711731008	-1.92772923662	-1.6779064042	-1.95295836737	-2.14984731892	-0.667864253771	1.58365560431	2.55927860069	-2.13606688508	1.3757005662	-1.23753681923	-1.71037242243	-1.98923961279	-0.838875382008	-0.154257792153	0.144719325542	-2.10285225086	-2.58296132867	-2.17547768139	0.484444817217	-1.90456071746	-1.73496486354	-1.67521374105	-1.94528717041	-1.17030938827	0.118449000529	-0.435111538889	-1.707685776	-2.18498882546	-2.11091891482	-0.628102633031	-1.17964630732	-1.01608393973	-0.61870802438	-2.45670652918	-1.3147255124	-4.36246419902	-2.3065506684	-1.58313221491	-3.36251520534	0.529254708125	1.39599753698	1.01386403682	1.81528868798	-1.26114123084	-1.46664858136	0.781866061617	-2.57554524362	-1.24674014199	-1.48104125716	0.661245062961	-2.78141520905	-2.89747333851	0.183367359596	0.59490060759	0.660969744532	1.16000886605	-0.327254542906	-0.500211569167	0.405813947872	-0.821185386663	-2.10690410004	-0.769421028679	-0.595837396147	-1.18566519688	-2.33217781121	-2.63218553925
o	-1.09746465704	-1.27307533661	-1.34662323969	-2.01920023341	-2.31627327008	-2.17045527288	-2.10136618	-2.84580781002	-3.13742069283	-3.38676511885	-0.828387031458	0.286830548316	1.91470185088	5.23205950135	-0.0182591464445	0.258479341727	-0.146823499995	1.68274226815	-1.5657145402	-2.41188458604	-1.85299018821	0.0410775238068	0.436334483833	1.41131791849	-4.07795325788	1.27446859832	-1.76767066854	-1.83811038732	-0.588116853226	0.399553228762	-0.428045972444	-2.58059195252	-1.56540744759	-1.20457883051	-2.70232655491	-1.79006867191	-1.77826830572	-1.46662058435	-1.89843217845	-1.34868029467	-1.46657712824	-0.113493268059	-0.922153562552	-0.963659220758	-0.961504881085	-1.56020680505	-0.167210361041	-0.784699516361	-1.13077728557	-0.836252335827	-1.2101646154	-1.37909490143	-4.7446470229	-1.81852296871	-1.55786184441	-3.46233584532	0.497299198629	0.839049489017	1.31287433699	2.09529990027	1.28168342344	0.932770563613	-2.18887517386	-1.32103440362	-1.31415739688	-1.43298129463	-0.991134692648	-2.11186686977	-2.9648905934	0.638798189052	0.692333736731	1.89468158158	0.558355478622	0.180679108142	-2.27024291343	-1.9143693774	0.165845142471	-1.41445535866	-0.887972246515	-0.782160056304	-2.04025778134	-1.37482412329	-2.71424446627
p	-0.44734756438	-1.47805129302	-2.01855012797	-2.60456574103	-3.02241185286	-1.9277133201	-2.75901764828	-2.61349976591	-1.57542107949	-4.54340611068	0.47167083315	-1.17988114399	-0.0463968330761	-0.0182591464445	5.07005575817	-0.292330483901	1.4059690162	-1.25862439411	-0.171781847408	-0.52270503412	-1.97951248822	-2.29140250889	-1.45629230404	-1.39266896393	3.28214943935	-1.95517817072	-2.6837986845	-2.97517178995	-2.39886595969	-0.79949740987	-1.11110271585	0.592615224382	-4.14731564034	0.647619705353	2.44866069978	-3.95386184927	-1.77985662457	-1.78771422429	-0.751326021639	0.550258528954	0.473621251664	0.0953935500868	1.8041288144	2.0940129267	1.75229446562	1.91529747961	-1.93285685191	-2.38059461321	-2.07098033804	-0.930550442416	-3.98551542765	-2.4595752292	-5.63760532522	-3.65299692842	-2.72985584281	-4.57135979775	-0.700567622706	-1.02889673384	0.678513856847	0.0566472453561	-0.254841506642	0.0226351446687	-3.57288550719	2.6530098613	-4.07256324499	-1.48243592475	-2.27560935243	-3.13330712372	-3.40136834663	-2.18983831827	-1.39395766157	-1.25703289171	-0.846871340623	-2.20278026279	-0.533655957687	-2.41358288597	-1.02552011292	0.515733297768	-1.6307495595	-2.0708052188	-2.96233240064	-0.0275965656158	-3.53225604216
q	-0.651235625825	-0.958327683372	-1.21435090714	-1.98446413043	-2.16768849073	-1.55713406267	-1.73528466587	-2.51871916684	-1.96817235045	-3.26414502514	-0.426675809124	-1.40435208788	-0.501412117072	0.258479341727	-0.292330483901	5.59953012205	1.25250373536	0.832604192278	-1.93676526338	-1.45206183255	-0.331673214495	1.09734146053	0.792811282728	0.587745648877	-0.387423900693	0.57381126258	-2.06430112485	-0.843656444242	-0.712053623441	-1.27505539824	-0.575381647454	1.05126149734	0.567502333115	2.04285194469	-0.18221232828	0.485002145565	-1.52731863207	-1.65019203547	-1.59584147674	-1.0504146576	-0.676989100325	-0.6810232055	-1.69997281885	-0.843725353468	0.874193378463	-1.13842550489	-0.512367719324	-0.60931987541	-0.316614843239	-0.401685034413	-1.89065429105	-0.558282053328	-4.52745158844	-1.34692379568	-1.18272427175	-2.93539584303	0.491683560926	0.802217094987	2.34113988509	2.14199420159	2.05140263874	-1.06711289311	-1.56247615409	2.95445745429	-2.71423058847	-0.889638014583	-3.82416729151	1.91804777939	-2.62799819082	0.995233624253	0.951338505281	1.17027190689	1.08446644149	1.58170184814	2.68078190878	1.69448266079	-0.589184944394	1.83763420288	-0.454231059201	-0.488546718252	-2.08728554436	-1.27413162835	-1.62832926935
r	0.829103677505	-0.675039141633	-1.38298782307	-2.92562429004	-2.01845400886	-1.67083375023	-2.40026827134	-2.82580155352	-2.35855003017	-3.04745853894	-0.463180741957	-1.81962566037	-0.733711731008	-0.146823499995	1.4059690162	1.25250373536	6.92426055861	4.21740536268	1.89334158716	-2.55502417301	2.53134905987	-0.983859011201	2.54918348005	-0.348319382836	-2.21769426838	1.29639225596	-1.47654395066	-3.20293290668	-1.95360669225	0.325026154823	-2.01884819659	-1.38775762393	-0.725048015522	0.521824412257	-3.42703006613	1.33483757439	-0.476156523787	-1.48679373274	-1.11021698381	-0.463232973076	-1.29252061922	-1.47622570137	-1.29042613148	-0.943795415079	-1.30287975275	0.221442349755	-0.636120109183	-2.59335480591	-1.41902238055	-0.857950649794	-1.32320096852	-1.3719945236	-4.28829343045	-2.38297002929	-1.05577292254	-4.09060082059	-1.68456728754	1.13864679836	1.12813715603	1.30292656252	-0.868837425815	-0.153799787865	-3.4985411858	-1.04573791484	-2.77582650226	-3.27316202327	-2.30080070459	-0.158498475875	-1.1046316039	0.666087823501	-0.658584907608	-0.945499147055	-0.626306278378	1.22196409232	-0.622977647263	1.09174047857	4.51280261638	-0.520513242898	-1.26292971871	-1.92885861752	-1.69688134683	-0.525129215945	-2.37338489999
s	2.56300059761	-1.08919707255	-2.28176889725	-2.39032454231	-2.74503823943	-2.04748203775	-2.6505570679	-2.24823356676	-2.13141634961	-4.13599829619	0.693317952062	-1.81481692835	-1.92772923662	1.68274226815	-1.25862439411	0.832604192278	4.21740536268	7.32039200355	0.110674772235	0.739000051958	-1.21619447941	2.73291459616	1.45207603756	2.70892513385	-2.3926590314	0.954049173613	0.35491755549	-2.66919980055	-1.76949036196	-0.639371622252	-1.74635398264	0.662697727086	0.242945175306	0.80629126788	-2.4320698277	0.744835312098	0.92834662162	-1.78799849314	-0.354159488741	-3.29424333487	-1.85214923247	-2.20709049951	-2.55420016146	-2.35093362022	-2.36681320338	-2.08641668376	-1.43048086998	-1.6634284529	-1.15906867864	-1.7568779981	-2.54120361573	-2.06819618973	-3.02916808409	-2.26939395879	-3.49113851128	-4.93339345722	-1.49340415176	-0.339509496963	-0.0349535066998	1.92620567086	0.323568876819	2.10630251936	-2.67350594881	3.04233172798	-1.36582876455	-1.27820178484	-1.89080296688	2.62653869318	-0.69463386619	-1.25264236579	-0.811378289624	-1.2194739159	-0.918922630046	0.937464377	-0.971971810053	0.951045617639	-3.90374813321	-0.0243588614416	-1.40362457964	-2.54297333593	-1.04344468337	-0.852804102579	-1.82321956322
t	-0.231512952742	-0.606595355408	-2.44927442977	-3.17553460131	-3.10630209588	-3.29398744272	-2.98644192122	-2.51969689291	-2.88892067708	-4.98954290685	-3.03938911349	-1.72743650398	-1.6779064042	-1.5657145402	-0.171781847408	-1.93676526338	1.89334158716	0.110674772235	6.84751109769	-0.482491880571	2.57977411204	0.376025928398	-0.859958717027	-0.106023409289	1.78459826799	-0.226741047698	-0.147575004501	-2.44409745197	-1.71998860978	-2.66005370048	-2.71372024633	-1.13554618152	-1.66830769513	-0.621733917838	-2.95525224646	-0.477528038367	-2.36371415688	-3.10819958939	-2.01347859549	-2.54621741635	-3.01777964661	-1.15458823113	-5.29977500155	-2.00904561907	-4.88999562214	-0.687601614517	-1.70904092002	-1.88056888674	-0.762765703088	-0.948974965519	-1.95878201402	-0.931436756664	-4.13363426402	-2.74909460568	-1.32231311808	-3.00259868743	-2.94975506204	0.239749489005	0.422518724822	0.524329548324	-3.23356087386	-0.842486640388	-1.02676336613	0.19157465119	-3.30404868259	-3.8013842036	-0.507094790032	-0.686720656206	-1.63285378423	1.0371988876	1.70468092321	1.1475830204	2.04218475345	2.29897680774	1.4117363668	-0.0708322294452	-1.25700555052	2.78220631915	-3.21857312277	0.401724515964	-2.4974126074	-0.872862312672	-3.02951016635
u	-1.94370126255	-0.394890256562	-2.07366449747	-2.31571810353	-3.01063514812	-3.29345770461	-3.91153787552	-5.01975088011	-4.97739036045	-6.1758198868	-4.79186420072	-2.41042343461	-1.95295836737	-2.41188458604	-0.52270503412	-1.45206183255	-2.55502417301	0.739000051958	-0.482491880571	8.17442975415	1.75335819974	-0.00995613459119	0.768431480241	1.82908325382	-1.02222691596	-1.59835085043	-0.574552117634	-2.03042227392	-3.53919751818	0.803210278938	-3.49139908462	-3.54723342363	-3.90809228636	-0.0762573578557	-1.76207743041	-3.02459394851	-1.95971760294	-2.30259648447	-4.11986406129	-3.36121653175	-0.275266239571	-2.53709810221	-2.04770649645	3.27988817979	-1.28178330681	-2.07938929919	-4.96212233386	-5.26230290675	-4.31614253003	-4.72501163485	-5.40873272425	-4.59710786085	-8.20249767377	-6.21888480236	-4.95864963774	-5.6784385592	-4.63699863024	-3.45378840861	-1.5814529293	-2.42933702395	-2.26277847915	-1.03633494745	-4.4185510508	-0.380785279122	-2.11087386654	-2.60820938755	-1.63584806887	-1.17161774527	-0.439678968176	-2.8570891376	-2.95583023917	-2.89525635545	-2.08846556056	-3.51907563164	-5.41745663018	-2.62181850896	-3.64879323519	-2.55600032532	-5.42394768321	-3.90577087375	-3.75196390933	-0.994150141262	-3.84825523392
v	0.593326959375	0.314517436928	0.408542804792	0.503112198619	-2.58185452762	-0.613332562123	0.661939997209	-0.321139149329	0.346131306044	0.392372039247	-0.750082166226	-0.86517933938	-2.14984731892	-1.85299018821	-1.97951248822	-0.331673214495	2.53134905987	-1.21619447941	2.57977411204	1.75335819974	9.31761761044	4.47820772198	1.36217409316	5.07625403419	5.29253974726	1.18803684043	-0.636161333324	1.37461104392	-0.816374956096	0.186242275571	2.34461937397	0.698585885873	1.53364723312	1.55812723956	1.1942352619	1.6422121266	0.591250986296	-0.211798459972	-0.29514825177	-0.279372957356	1.35911835785	2.45574046612	-2.32021249464	-1.1169459534	-1.91043311522	1.19885148801	-1.32773773644	-1.34663219894	-0.993701938928	-0.717624757944	-3.15133872196	-1.59551428924	-5.92078469467	-2.84753461077	-2.63620904663	-4.71308072729	-1.14011755657	0.856161238307	-0.169460753221	-0.543413659539	-1.47639078828	0.956503620886	0.952799140785	0.668636817576	1.26047632505	0.76314080404	1.73550212272	2.19973244632	2.93167122341	-0.367094449514	-0.0501436199378	-0.716551241806	0.356885212469	1.7002714665	-0.0461064385941	1.42760358773	-0.277443043606	-1.50657822862	-0.927066609542	-1.58504675523	1.83489231801	1.49339306783	-0.28062389977
w	0.481940241299	-0.209579521233	-0.371966861669	-1.20126654705	-2.21412658136	-1.42858419647	-1.95573122973	-5.14932453358	-4.68299338988	-4.09754605569	-0.451227051624	-1.69541080969	-0.667864253771	0.0410775238068	-2.29140250889	1.09734146053	-0.983859011201	2.73291459616	0.376025928398	-0.00995613459119	4.47820772198	10.2713794365	5.60134074834	-0.537833162456	2.75825730525	2.57324503081	0.151484319556	0.152488920551	0.577284899	-1.09895287843	-0.654331335044	2.42272859645	2.55756489634	3.0572033945	2.79284709039	2.70316716914	0.412255236122	-0.327668211497	-1.41738235208	-1.50018888322	0.138302431981	0.317386700443	-1.13663816542	-0.93337162419	-2.0487868809	0.47553522161	-0.466091502116	-0.941843639585	0.199787859149	-0.52155948455	-2.12196504189	-1.92419926702	-5.23601622243	-2.94936250042	-2.87765630527	-4.68793576069	0.660128133094	1.00160043863	0.770187993104	0.455736098535	2.84468706468	2.66614676176	1.13637347	0.5302830519	3.44405065426	0.624787038363	1.59714835704	4.13176800853	2.79331745773	0.638941694145	0.0041476923284	1.19572106559	1.65149085407	2.34618900977	1.13746789062	2.9896895402	-0.415796809282	2.64047022457	-0.364980657077	-0.830315724827	1.91102035733	-0.238536328874	0.092527870708
x	0.295517284593	1.12313983996	0.631783866911	-0.894735533628	-2.45182514043	-1.2493109728	-0.981897833235	-0.0453994488195	-1.28445384586	-3.30280565441	-1.64829725253	-3.13550827774	1.58365560431	0.436334483833	-1.45629230404	0.792811282728	2.54918348005	1.45207603756	-0.859958717027	0.768431480241	1.36217409316	5.60134074834	9.50751148214	7.63054422519	1.66375683798	4.64051543324	-0.817485265625	1.11625474723	0.689684676919	2.1540098413	1.75366853822	2.91719256046	2.92899259474	3.06624053135	-0.960616459045	3.54625409471	-0.727099466927	1.25190828908	-0.0188428080674	0.535401672661	1.50194718555	1.26436286915	1.50221570792	-1.1018726729	1.689602666	2.24563362824	0.217850260762	-0.317883981536	0.585922382273	-0.190489523768	-2.00416190545	-1.41231824993	-5.73168201439	-3.00238633171	-2.10988295159	-6.01993554168	-0.594529559364	1.71690637242	1.61428698118	1.02420064399	2.41315161014	2.23461130722	-0.617090079433	1.09874759736	1.69058710483	1.19325158382	2.1656129025	4.55584264466	4.36178200319	0.137016911711	0.157574738507	-3.09379538408	0.634992898806	2.91465355523	-0.0310331580915	3.50157055729	0.152667736175	1.6239722693	-0.558356374425	-1.37732839679	-1.23290266866	-1.00938195653	0.518349951208
y	-0.571318442041	-0.662182555873	0.0671672240284	-1.34439916574	-2.92188869867	-2.22009766347	-0.504623534114	-2.53515855601	-1.33186181814	0.0223191440768	-1.57088696069	0.89074079171	2.55927860069	1.41131791849	-1.39266896393	0.587745648877	-0.348319382836	2.70892513385	-0.106023409289	1.82908325382	5.07625403419	-0.537833162456	7.63054422519	10.9482380528	0.124495769378	4.12328067097	-0.987512524565	-0.898926062806	0.0938400799466	0.61474877269	1.10422455186	0.714966479132	-1.38285797776	-0.135985549982	0.0850849730705	3.27002743194	0.177246115943	-1.18413205917	-2.1251444694	-0.166130824844	-0.0130663368095	-0.390375416872	0.155599717261	-1.6411337415	-0.434620903325	3.16009052707	1.02254359337	-0.476541047927	1.54696141732	0.57090888576	-1.6174235555	-0.762545494148	-5.33805727886	-2.56966177648	-1.43341532914	-2.34196589406	0.072660249497	-0.191588505853	1.30635145868	0.610470457471	-0.000578576386285	0.110387737895	4.51607419393	2.14444902947	2.73628853694	4.56088111082	3.21131433461	1.35361656333	4.40748343531	1.44575274966	4.43423060546	2.19983356148	3.21120904762	2.32808677185	-0.570294226698	1.90341579963	1.19836916829	1.77658890533	-1.03621689837	-0.331626964674	-1.64176710001	-0.423112143054	-0.540501022723
z	4.56430735347	0.225515726194	0.226077243797	-1.53893761522	-2.97241001927	-1.04502259673	-1.04142308057	2.64914108624	0.0573380539577	-1.17445289165	-2.34584624434	-1.94210821781	-2.13606688508	-4.07795325788	3.28214943935	-0.387423900693	-2.21769426838	-2.3926590314	1.78459826799	-1.02222691596	5.29253974726	2.75825730525	1.66375683798	0.124495769378	7.68045336384	5.20386510292	-2.08619095863	-1.62128126242	-0.501853155567	0.340983632063	-3.23992991665	1.46356915153	1.6653049765	3.23410549917	4.45517602222	1.41129979059	-1.05469884899	1.09229988277	-1.07698151514	-0.2248830745	-3.28683147744	-1.34221246261	-1.79623732848	3.1074689309	2.61354205094	4.13786415344	-1.388725071	-0.428378093666	-1.82520742737	-0.612874888029	-2.91029751907	-1.4598097128	-6.68221174737	-2.90852194533	-2.9702148756	-4.9260711553	-0.616142390409	-2.14342555159	-0.230448087784	-1.34136658827	0.0475843778744	0.158550692156	1.47677430694	2.19261198373	2.7844514912	2.2871159702	5.58140538376	1.40177951759	4.45564638957	-0.506084296079	0.403442218328	0.807423924351	0.14389478446	1.86167655328	-0.522131272437	-0.0484212461087	2.83149462327	0.602359438258	-1.98805394411	-1.28346401041	1.95071637047	2.44947924662	-0.563655472963
^	0.558091574001	0.46138658158	0.429890947785	-0.255752018608	-0.633015873228	-1.35784849904	-0.779043394414	-3.27387055112	-2.56377333528	-2.92334457733	-1.75204517737	-1.26889918813	1.3757005662	1.27446859832	-1.95517817072	0.57381126258	1.29639225596	0.954049173613	-0.226741047698	-1.59835085043	1.18803684043	2.57324503081	4.64051543324	4.12328067097	5.20386510292	9.3735461908	0.754331859039	1.1749050872	1.70283604457	1.73831791014	1.8072180065	2.66003472096	3.22702607248	3.40572699762	2.76006405153	3.86951631082	-0.322700488094	-1.25016540793	1.91449858583	2.36891799247	1.36104626229	1.65657243898	-0.449529123468	-2.05361750429	-1.84710466611	3.69513934439	-0.527443693164	-1.55460577164	-0.203391984224	-0.270967669283	-2.75427287567	-2.0306393476	-5.97293346298	-2.26225345846	-2.3433987514	-4.46071845379	-0.574288766927	0.980890232081	1.2475046505	0.00534161674154	0.908865755714	1.01983207	-0.983872410105	0.731965266686	1.32380477415	0.82646925315	1.79883057183	3.26306089543	2.99499967252	-0.381768512406	-1.20920759216	-0.290652713312	0.268210568134	2.40102983623	-1.98277798948	1.66085703829	3.10781350039	3.68603323743	-1.20077314771	-0.805511272125	-0.293438526679	0.666904434689	0.303948192268
!	0.301887525746	-0.811287961695	-0.877017737581	-1.93617606111	-1.93351732753	-1.62851475859	-1.85484097171	-1.69966785783	-1.54169005458	-1.58435932752	-0.396099777316	-1.33024091703	-1.23753681923	-1.76767066854	-2.6837986845	-2.06430112485	-1.47654395066	0.35491755549	-0.147575004501	-0.574552117634	-0.636161333324	0.151484319556	-0.817485265625	-0.987512524565	-2.08619095863	0.754331859039	6.46737408665	2.0926196229	2.13822239895	1.88457338143	1.58716700988	1.37991941274	1.64349449153	1.68517658805	1.91879236442	0.635114033194	-1.33206861923	-0.760178107666	-1.1369379718	-0.717731797757	-1.8773026508	-0.965473571092	-2.57703971395	-3.07421289085	-4.13073445851	-1.22790073275	0.38742066808	-0.610876889809	-1.0878506828	-0.387667823995	-1.78865521396	-1.00799764032	-3.40550831791	-1.18131081856	-1.87402815118	-3.34649725773	1.35199345996	0.89365765249	0.641946763221	0.658517997859	-0.526767130126	1.10357334325	-0.12999867875	-0.703667619154	-0.95982501824	3.17510767625	-1.22176481473	-1.2049934681	-1.61055821476	0.876171600407	0.550584895732	0.563221018043	0.19316739755	1.27813587382	0.989092951269	0.32831764541	-0.0647849796152	1.00647476871	0.47907118387	-0.296195201474	1.53065613251	-1.18533837025	-1.22730888664
""""	0.807186862045	-0.415797298286	-0.826931117129	-1.88747151406	-2.02630854111	-2.01372514082	-2.36430707546	-2.12681244249	-2.35774676913	-2.43906088767	-1.04657482912	-1.08804904155	-1.71037242243	-1.83811038732	-2.97517178995	-0.843656444242	-3.20293290668	-2.66919980055	-2.44409745197	-2.03042227392	1.37461104392	0.152488920551	1.11625474723	-0.898926062806	-1.62128126242	1.1749050872	2.0926196229	6.72251448498	2.88045335429	2.39474585436	1.98064292698	2.33190685325	3.70351038779	3.21564991988	3.7194506501	2.14644580706	-1.19849216557	-0.53286548469	-2.08118543178	-1.12022509277	-0.712907084443	-1.31672469431	-3.21820853715	-2.52017730417	-1.8755433536	-1.06546676875	-0.818916786483	-0.0519831635101	-1.18397103293	-0.802899368654	-1.25487034133	-1.62939375984	-3.89517274663	-1.9746646525	-2.30665327013	-3.9898507251	0.126945647188	1.17974276535	-0.119384587781	-0.796504660878	-0.407553694735	0.720091360693	-0.119226301507	-0.518865842135	-1.09695133611	0.798030565664	-1.62192553844	-1.894660809	0.896171657144	-0.171549724191	-0.986107512654	-0.762392752294	1.06984687921	-1.07219369393	-1.70309438161	1.8710758265	-0.54740786351	-0.388272458808	-0.520728617186	-1.47370493317	0.888722214125	-2.56054374669	-1.36625837713
#	1.17634923905	0.453928657541	-0.280682814173	-0.935266073754	-1.55122148206	-1.02465428314	-1.21425085409	-1.40534832155	-2.08374162517	-3.04485916333	-1.77828333635	-0.0279887362806	-1.98923961279	-0.588116853226	-2.39886595969	-0.712053623441	-1.95360669225	-1.76949036196	-1.71998860978	-3.53919751818	-0.816374956096	0.577284899	0.689684676919	0.0938400799466	-0.501853155567	1.70283604457	2.13822239895	2.88045335429	7.18698265521	5.12248385095	3.62568624272	1.39695658433	2.72550271752	1.28205964443	3.66330719237	0.845312368163	-1.03075409633	0.358871405677	-1.94413847229	-0.934498754662	-0.219876370241	-0.222308475467	-1.22282169424	-2.94555457156	-2.25361490621	-0.0772161071249	-0.815309436766	-1.03026217279	-0.677289064055	-0.269671979336	-0.363705672909	-1.18286544397	-3.2468929723	-0.745284610628	-1.42798089662	-2.7057652712	-0.500577338989	0.467464788064	0.521304787712	0.914858870088	-0.457002499889	-0.609070591442	0.846656547095	1.21853982267	-1.890060388	-0.0654678141217	0.906893504556	0.727267638383	-0.218865489639	-0.28982524504	0.494465085485	1.72643655937	0.0543454059754	0.979722594201	-0.338662156515	0.562469093548	-0.843017255934	1.26174829561	-0.26596104213	-1.06720495937	1.02036558684	-1.48721864378	-0.637249917615
$	0.989552366359	1.20724460135	0.753282472457	-0.68065917891	-1.1938115216	-0.680576615812	-1.77048310567	-0.706299470308	-1.19359912276	-1.51099689273	1.22532675435	-0.454529348799	-0.838875382008	0.399553228762	-0.79949740987	-1.27505539824	0.325026154823	-0.639371622252	-2.66005370048	0.803210278938	0.186242275571	-1.09895287843	2.1540098413	0.61474877269	0.340983632063	1.73831791014	1.88457338143	2.39474585436	5.12248385095	7.79791831779	4.29252964678	2.22300878766	0.640984806982	1.01910176804	2.07416233965	2.36098441254	-1.01190482265	-1.10068913222	-0.81179506746	-0.949642962159	-0.749272759346	0.870506565172	-1.62791242005	-0.254720877377	-3.80309554136	0.443692585618	-0.805362663301	0.716230745784	-0.998390982801	-0.525039897465	-2.43616418112	-1.23598969179	-4.68099682478	-1.72639123738	-1.32615653621	-3.46823962968	0.490781973352	1.31030157569	1.60084183336	0.634313242213	-0.0471251195351	-0.936158805254	-1.35490078463	0.775974391437	0.952776399627	2.57091809604	-0.157160303422	-1.01485807471	1.03900879727	-0.625041339736	-0.10630477836	0.168393910718	0.842734409583	0.766967055868	0.383159230154	0.856869256482	1.63724945231	-0.492350059151	-0.371268534866	-0.842120607583	1.46188495344	-1.08653043488	-0.707568719702
%	0.484587670875	2.63370673326	-0.437162077874	-1.29757357361	-1.69837418419	-0.881534699534	-1.87677658217	-1.30037981874	-2.11936232251	-2.3206976489	-2.74462908511	-0.988568959308	-0.154257792153	-0.428045972444	-1.11110271585	-0.575381647454	-2.01884819659	-1.74635398264	-2.71372024633	-3.49139908462	2.34461937397	-0.654331335044	1.75366853822	1.10422455186	-3.23992991665	1.8072180065	1.58716700988	1.98064292698	3.62568624272	4.29252964678	8.53320864167	4.20852178823	1.77627829226	2.80336951216	3.7867484775	3.1736368328	-1.32627517976	-2.87048584009	-1.0670381196	-0.830116792736	-1.45149260429	-1.23123914685	-1.74939435013	-2.19820450548	-3.79904658936	-0.426727580294	-1.63138870985	-1.48188564065	-0.645778809407	-0.797092254497	-2.9866027715	-2.01734668901	-5.19998262436	-1.57446707756	-3.68236379776	-4.00714565188	-0.384874840927	1.74776655629	0.604890785366	0.375327788383	2.15855769364	0.0678901467498	2.19346868359	1.10195143833	-0.628137149091	2.78141792551	-0.153111351418	0.796545799353	1.04305774927	-1.50363543709	-1.12162115122	-0.768663448225	-0.330094400497	0.226695491648	0.457597510049	0.346345035656	-2.16605651774	0.412163219302	-0.700202866258	-1.28101515143	2.58210542724	-2.44176299224	-1.37572843171
