	L	B	S	T	H	I	N	U
L	4.56827960739	0.405228143399	-0.707980056707	0.969115852029	-0.906961321375	-0.449586037936	1.88089374409	-0.125072480039
B	0.405228143399	4.52689632836	-0.403255548933	-1.34124173965	-0.7330002768	0.628641377092	-0.156336846172	-0.626870309211
S	-0.707980056707	-0.403255548933	0.667920905976	-1.77563675956	-1.70197995731	-0.984702929016	-0.858379828081	-1.60156812515
T	0.969115852029	-1.34124173965	-1.77563675956	2.00632298052	-2.40913161988	-2.01691919026	0.353328008478	-1.15691081032
H	-0.906961321375	-0.7330002768	-1.70197995731	-2.40913161988	2.6414042797	-0.96214201309	-0.10671264678	-1.75473956027
I	-0.449586037936	0.628641377092	-0.984702929016	-2.01691919026	-0.96214201309	3.40167150035	0.197808496174	-0.727323510407
N	1.88089374409	-0.156336846172	-0.858379828081	0.353328008478	-0.10671264678	0.197808496174	4.61648200376	0.0238172175327
U	-0.125072480039	-0.626870309211	-1.60156812515	-1.15691081032	-1.75473956027	-0.727323510407	0.0238172175327	2.79058889036
