	L	B	S	T	H	I	N	U
L	4.61055610818	0.380054127755	-0.715739330492	0.972104352011	-0.871975541575	-0.466836143309	1.85914000702	-0.101731943816
B	0.380054127755	4.53018328213	-0.412129350617	-1.32012813084	-0.761018928615	0.606252134331	-0.205771654259	-0.601159404863
S	-0.715739330492	-0.412129350617	0.659818318452	-1.76647763458	-1.73512307107	-1.01730711973	-0.899990442892	-1.59494225875
T	0.972104352011	-1.32012813084	-1.76647763458	2.02048860776	-2.36122898235	-1.99678172117	0.344883873783	-1.10790509211
H	-0.871975541575	-0.761018928615	-1.73512307107	-2.36122898235	2.64828088788	-0.99532102493	-0.111492066235	-1.71349227093
I	-0.466836143309	0.606252134331	-1.01730711973	-1.99678172117	-0.99532102493	3.3903208878	0.164812849463	-0.747340876156
N	1.85914000702	-0.205771654259	-0.899990442892	0.344883873783	-0.111492066235	0.164812849463	4.66757093787	0.0594852895317
U	-0.101731943816	-0.601159404863	-1.59494225875	-1.10790509211	-1.71349227093	-0.747340876156	0.0594852895317	2.81900355606
