	a	b	c	d	e	f	g	h	i	=	l	m	n	o	p	q	r	s	t	u	v	w	x	y	z	^	!	""""	#	$	%	&	'	(	)	+	2	3	4	5	6	7	8	9	0	>	A	B	C	D	E	F	G	H	I	J	K	L	M	N	O	P	Q	R	S	T	U	V	W	Y	Z	~	?	_	|	/	\	@	{	}	[	]	:
a	7.07160858216	0.94421607698	0.154431570797	-0.587654209766	-0.662028922507	-1.08249019613	-1.31068826879	-1.27781285642	-0.793670874187	-1.32460398669	-1.13122730141	-1.26898412142	-1.02729760393	-1.13645445356	-0.523097915596	-0.668374496619	0.760813897898	2.44869602747	-0.279747916895	-1.96684112097	-0.31272095475	0.287037347429	0.20144488012	-1.37343372548	4.3172356754	0.996003727885	0.162060140395	0.67530277667	1.1938471335	0.876437658229	0.433835551278	0.339512274438	1.57478704332	0.458906810675	1.09484982476	0.406619536484	-0.020319259882	1.2770565667	0.730917384382	0.749960291199	0.563009467639	0.458962423039	0.254019158129	1.15389754591	0.643615583256	1.35517563271	0.959471553897	-0.342922703983	-0.452019431753	-0.413922446076	-2.0109635087	-1.02553163701	-2.94548725164	-1.36798040949	-1.30435047475	-3.57114022019	-0.161078171538	0.485481319596	-0.460835255979	-0.0963248248877	-0.690094320419	-0.381879176186	1.71294320376	0.00883975920409	-1.08202173778	-0.990396404886	-1.54153890776	0.715158293676	-0.719048276581	-0.0967444847832	-0.622959786748	0.650420891237	-0.543271655888	0.828284358522	-0.679501809285	1.18295890505	-0.520512517777	-1.03501624513	-0.904979980899	-0.545491732674	-1.2389888582	0.399402083683	-0.567776457271
b	0.94421607698	4.73412695762	0.64040980619	-0.550001029672	-0.951933025679	-0.943274663102	-0.904558758822	-1.44720779984	-1.11921767115	-1.44676411916	-1.46166976786	-1.49142953621	-1.32542661289	-1.33856046007	-1.48708003902	-0.97861849251	-0.762365111688	-1.1543897838	-0.538863091604	-0.385543393187	-0.0997293293958	-0.213049893446	0.865879150744	-0.562043161105	1.06256065137	0.680241148112	-0.824517577264	-0.449464091165	0.482307815291	1.07089333215	2.44042304491	0.784552867356	1.94230742621	0.611310103032	2.55351809571	1.03135465196	-0.152643936296	0.18286063878	-0.171645880774	1.1169080949	2.6702066832	0.666901326319	1.10028774565	0.22024839408	2.37228781485	0.747154981877	0.779142609083	0.237706859409	-0.301270840376	-0.0728696343807	-0.305965185273	-0.488501715618	-2.56143830094	-1.26187660771	-1.31746665504	-3.33359829324	-0.25410994718	0.452414332944	0.238067551429	-0.195450358442	-0.554904595922	-0.270148424513	-1.05405607866	-0.240311218355	-0.405173296781	-0.89851046461	-2.52765547948	0.214468549121	-1.29012734903	-0.240766475711	-0.277190018416	0.992424248114	0.425841902267	-0.278513695625	0.840142288683	-0.408298049332	0.431970365834	0.781306614788	0.0624983591795	-0.395538871265	-0.823573289515	-0.330280606658	-0.794488488892
c	0.154431570797	0.64040980619	3.74813142194	0.0285276672672	-0.825442500652	-1.04613481592	-1.44639789499	-1.22784802663	-1.3936077518	-1.79899756424	-2.11194451734	-2.19928017979	-1.98242714734	-1.46398034404	-2.05726514174	-1.2367528243	-1.39668523061	-2.21669587071	-2.15194268698	-2.03297141809	-0.436300091213	-0.492595547234	0.327858192518	-0.0526084089673	0.179707856998	0.36419449934	-0.906573165602	-0.907945871545	-0.316833683912	0.632114963641	-0.492326472896	-0.2786885079	0.714500330442	-0.416857530233	0.00175818189229	0.872108752466	-0.896302037923	-1.12164648751	-0.728337797738	-0.22940570348	-0.148761407501	-0.204150486981	0.271689175571	0.29119372078	-0.437162639662	0.684050664593	0.152150187655	-0.120798892138	-0.080392517999	0.0202744506026	0.0710723301587	-0.647064900425	-2.90898900888	-1.32689146341	-1.23489159723	-3.24188340392	-0.700568029487	-0.32850052389	-0.647052407535	-0.393809376341	-1.3745045344	0.62414778011	0.435112540091	-2.15927053723	-1.99531813518	-1.53756490349	-1.03979780588	-0.00910427933844	-4.53923526959	-0.491988235544	-0.645190555705	0.284013423282	-0.280245280652	0.899768573501	0.461649577333	-0.784785276375	0.91196592166	-0.842379197786	-0.399887669525	-0.425434939025	-1.04493118481	-0.46429613607	-1.13978375417
d	-0.587654209766	-0.550001029672	0.0285276672672	2.96965326127	-0.265139237849	-1.28024258217	-1.6013602964	-1.83036064488	-2.07238434771	-2.62292889539	-2.07090641427	-2.83235851104	-2.17728935392	-2.08908538051	-2.68447515106	-2.03158071323	-2.93195091405	-2.38619795469	-3.04905128906	-2.31539711305	-0.484634877474	-1.36544232471	-1.12326495326	-1.15979008027	-1.8650637213	-0.454183074877	-1.95545697354	-1.90983500273	-0.992096652326	-0.804718604842	-1.3546043979	-1.69982803144	-0.126469926576	0.225785887909	-0.437010090574	0.0475015355368	-0.952999136138	-1.76157599861	-1.43148476106	-0.0268737795595	-0.801236506799	-0.165102812574	-0.41057964515	-0.0379953033576	-0.252724640098	0.0209635303799	-0.819857597301	-0.666159314151	-0.648881470165	-0.0888192471404	-1.59083556063	-1.21064683408	-3.29216079662	-1.6854386654	-1.68942765049	-3.98996520832	-1.17938125438	-1.01422807214	-1.3470757193	-0.313814160252	-1.79387503582	-1.02289366183	0.0757302882775	-1.18780056489	-1.64884532537	-2.44703707473	-3.69332499607	-1.75855588952	-3.67818928695	-0.655476660021	-1.16940723831	-0.943997084505	-0.589124299452	-0.7824563456	-0.517308555826	-0.309482486217	-0.554841024542	-0.885632798723	-0.525237803345	-0.822133125891	-1.18535526648	-0.776792569465	-2.08044452765
e	-0.662028922507	-0.951933025679	-0.825442500652	-0.265139237849	2.80436045972	-0.158965233374	-1.04414231818	-1.67543496135	-1.42820608233	-2.36897566795	-3.29438698088	-3.19831213903	-2.62830102901	-2.3136957405	-3.06417516523	-2.23265143031	-2.11371384453	-2.77433302696	-3.12105396273	-3.02981089954	-3.28694544198	-2.28337235895	-2.61017927048	-2.75027044785	-3.07990158248	-0.629641620466	-1.95194496562	-2.05283118389	-1.52099320467	-1.23176571867	-1.72711601555	-1.47256015013	-1.37159059766	-1.4704123826	-2.40296796544	-1.306342521	-0.35197642653	-1.31405334327	-0.944263358909	0.550373232448	0.354901408151	0.468556280372	1.00947075944	1.66851311991	1.55950574192	0.415087314478	-0.00581331916378	-0.681427266298	-0.997910299044	-0.942638221525	-1.1586997788	-1.45842930427	-3.69904895376	-1.26353164932	-1.68054584474	-3.91949868497	-1.46588793252	-1.24395088826	-1.26572543566	-1.27066868336	-1.00811686516	-0.348357145273	-2.95181572945	0.946357912017	0.683956970105	-3.55234453251	-3.36652144122	-3.025759975	-2.86595890493	-0.799797899514	-0.673069709265	-1.38819012176	-1.22529623551	-0.930130557999	-1.30043996298	-0.682665612906	-0.0600928323747	-0.211204666	-1.35037593759	-0.0608972743634	-1.825409427	-0.504153277941	-2.34294425932
f	-1.08249019613	-0.943274663102	-1.04613481592	-1.28024258217	-0.158965233374	3.73247427266	0.642478020761	-0.831596447711	-0.774272062931	-1.55092325056	-2.55455039269	-2.6267440184	-2.42699027661	-2.2644085704	-2.03466818926	-1.68216158989	-1.76116084162	-2.14295642701	-3.28367658236	-3.2264749779	-1.40154649189	-1.17387804345	-1.54055331418	-1.81509116994	-1.33059321851	-1.42211555384	-1.79301289951	-2.13999601027	-1.09636114152	-0.696444699145	-0.958627989803	-1.23678650156	-1.41780343997	-1.05064529763	-0.337686229726	-0.866577193015	-1.31628387999	-2.29229648802	-1.70755063845	-0.524910493365	-0.702535980889	-0.233682585434	-0.137754027449	-0.0282317110724	0.0335606071027	-0.729913963525	-1.13317013287	-0.846606003397	-0.805116732394	-0.553770153876	-2.04373646158	-0.631403944645	-2.30163832711	-0.832905861223	-1.49225391618	-3.39609876896	-1.32010808753	-0.936641126515	-0.863539485313	-0.544200295749	-0.184807919748	0.727478548154	-2.65247865487	-1.72979942301	-2.44214929674	-3.82857126065	-2.01714368414	-0.089908250278	-0.779615553684	-0.323823987181	-0.874834455057	-1.01561454202	0.145695334679	-0.804776067339	-0.243292111418	-1.67249394215	1.12282377857	0.24299370153	-0.71145248919	-0.500347961898	-1.40125692658	-0.778492742604	-2.43286545073
g	-1.31068826879	-0.904558758822	-1.44639789499	-1.6013602964	-1.04414231818	0.642478020761	3.72439284432	0.565897587582	0.268018546044	-0.597837537658	-3.14410981967	-2.84542575851	-2.97522357112	-2.17556163817	-2.78369637514	-1.68125140663	-2.40184282724	-2.67225223838	-3.06725642738	-3.86011221923	-0.217133475288	-1.95175835824	-1.26764014644	-0.948601871898	-1.25467059898	-0.829056217904	-2.04433632596	-2.3764419382	-1.51937846067	-1.79137977615	-1.99447165019	-1.51455858802	-2.7549548736	0.228608643702	-2.22682982009	-2.44998192659	-1.69526478454	-2.69409267924	-1.88424059882	-0.96616964402	-0.828141898203	-1.26545613259	-1.19188635285	-0.640535096078	-0.730947073316	-0.829954336388	-0.670756943403	-0.387864413257	-0.191241319987	0.0527422841851	-1.20065509523	0.748260605952	0.599954568243	0.527124144547	-0.917128822712	-3.45082370032	-1.41034932086	-0.40915018015	-1.49383646681	-2.00704156074	-0.429941441074	-2.73152065054	-2.82173016443	-1.62721062936	-2.76869819941	-2.94010727235	-2.9062872745	-1.83401464421	-0.235799736772	0.0737764011957	-1.32021410055	-1.400488699	0.0480366297784	-0.940854263302	1.16340244665	0.315042128749	0.804038276013	1.10485578053	-0.434524970731	0.335544809566	-1.29714126129	-0.774031757812	-2.48237816848
h	-1.27781285642	-1.44720779984	-1.22784802663	-1.83036064488	-1.67543496135	-0.831596447711	0.565897587582	4.48822944627	1.6482820508	-0.118903702907	-3.47772055149	-4.24417530967	-3.57424359392	-2.81229927184	-2.68898761305	-2.49566858506	-2.93482683919	-2.39081339511	-2.66421754718	-5.0002322792	-1.20752222059	-4.55936556396	-0.557950706005	-2.6983440501	2.34116727572	-3.26814597004	-1.7756303175	-2.31651441264	-1.43324001863	-0.781255958078	-1.40660095405	-1.09528626973	-1.74966316487	-1.24390524708	1.33650309004	-1.94674336362	-1.37513570989	-2.72814061645	-2.40953961612	-1.72689612925	-1.94034540037	-1.95995246916	-0.548938463294	-1.1161627075	-1.95298008147	0.55780700916	-1.0146986196	-0.889351354157	-1.03358333499	-0.702429583975	-2.16146624085	-0.191679878516	-0.515737080694	-0.344127395924	-1.08843358446	-3.75755289969	-1.29006828618	-0.799289614169	-0.843506777468	0.0314843439262	-1.107653933	-3.53640438294	-4.24132374094	-1.6379986603	-3.38093685386	-4.28931152097	-4.84045402384	-3.73575991585	2.58194944952	-0.558590454757	-2.22576543819	-2.5294415532	-2.73785011216	-3.18112414037	-3.25259188881	-1.35514387491	-2.23446513314	-0.779342509538	-0.677903951869	-0.529116205794	-1.10370367237	-0.946828384454	-2.6648493842
i	-0.793670874187	-1.11921767115	-1.3936077518	-2.07238434771	-1.42820608233	-0.774272062931	0.268018546044	1.6482820508	5.52292524264	2.17899869976	-3.50251724953	-2.95806145829	-3.11089496352	-3.24744356023	-1.54665894266	-1.87857984535	-2.53279348613	-2.33487860894	-3.11384426706	-5.17718562238	-0.831658135912	-4.55076325399	-1.88577606062	-1.88613895293	-0.273344442744	-2.74497048724	-1.57334011878	-2.48159668181	-2.32718936855	-1.16674713296	-2.36905568827	-1.98359046679	-2.05656268063	1.43057955899	-2.13133264393	-3.0901441471	-1.12830482561	-1.47544818264	-2.02193033695	-1.24615114889	-0.559872192521	-1.43420304269	-1.1924128499	-1.26194614229	-0.344464929311	-0.993018089483	-1.2530860947	-1.10634907583	-1.30937283059	-0.344108552232	-1.84035507803	-0.585822378451	-1.4683934757	-0.35411979049	0.889229621125	-2.53901836714	-1.23637808668	-0.4843254667	-2.93877506527	-1.1841447671	-1.39544462581	-1.94283957224	-3.96968702513	-2.50386546825	-1.78737204317	-0.958781116113	-0.661926712428	-5.3121201066	-0.839436081253	-0.306963699684	-1.22440922603	-1.07838838698	-1.11111843753	-2.23963602625	-0.625860214181	1.34660258751	-0.0965798062246	-0.903865282806	-0.878406147602	-0.305062429065	-0.493950289007	-0.169233415086	-2.06395743931
=	-1.32460398669	-1.44676411916	-1.79899756424	-2.62292889539	-2.36897566795	-1.55092325056	-0.597837537658	-0.118903702907	2.17899869976	4.39474529001	-4.55538210994	-4.07130433711	-3.38787133551	-3.35070266154	-4.61034385427	-3.38475078476	-2.86426569839	-4.24262369766	-5.10085508567	-6.11819453761	-0.621671385433	-3.8589926317	-3.47005577504	-0.684092700941	-1.35268151451	-2.42037105296	-1.64725569342	-2.54074368033	-2.95850217999	-1.53610729547	-2.55417286025	-1.99785206555	-3.07591764757	-3.16368424401	-2.37093715021	-3.47573240752	-1.39766074284	-2.7213116794	-2.66716737963	-2.23358949306	-1.69803623758	-1.78401750348	-2.90364552148	-3.44939295281	-2.94992693892	-0.84007040137	-1.50296265396	-1.90614382986	-2.32384577887	-1.61174365631	-2.74083919148	-2.01302635465	-3.85802670043	-1.71458718176	-1.29063067374	-1.24761131711	-1.64042325181	-1.52818399102	-1.86271046713	-1.22278472099	-0.063958805952	-4.41109549033	-4.49308449741	-4.90173205844	-5.77020113409	-6.26353830192	-5.22971830407	-7.29494919752	-2.82226517217	-1.58378400899	-2.09814545972	-1.34090312428	-3.67891002917	-4.02982003923	-4.54455896768	-4.42721797926	-1.78242715938	-1.2637640228	-1.43320983498	-1.37129291127	-0.597648659837	-0.211520611521	-3.65173078172
l	-1.13122730141	-1.46166976786	-2.11194451734	-2.07090641427	-3.29438698088	-2.55455039269	-3.14410981967	-3.47772055149	-3.50251724953	-4.55538210994	6.38056438253	0.0729849158966	2.03677646557	-0.822880868416	0.311969802533	-0.535082171088	-0.652409473645	0.531423356691	-2.94655892486	-4.65218439536	-1.66748512867	-0.734086780444	-1.7666909429	-1.65554552	-2.32661106387	-1.8146100781	-0.528745910688	-1.22869696703	-1.84794308007	1.00659957854	-2.66678895519	-2.46554758947	-2.64797094572	-2.67915401379	-1.42430116706	-1.83179504777	-0.720557063684	-0.409248645185	-0.460995941084	-0.133104947664	-1.4717829644	3.64830438829	-1.70923179858	-0.350753876217	-0.85128786232	-0.78172779495	-1.98888426913	-1.40068056083	-1.76907878197	-1.31019298478	-2.9536778712	-3.17165265608	-4.43320158442	-1.2676805242	-3.09414905651	-4.87752102948	1.17696196312	-1.17544363336	-1.41867501515	1.51437174536	-0.624282811521	-1.90103016801	-0.739093592204	-0.510311232619	-1.6011727296	-1.50954739671	-3.06068989958	-1.54095829231	-0.238199268404	-2.14514854474	-1.64734608682	-1.57499889753	-1.17489737697	-1.25592957658	-2.19865280111	-2.18418899333	-0.284776007436	-2.40732584862	-0.279275151856	-1.44386404443	-0.44405403054	-2.247226073	-2.32757257232
m	-1.26898412142	-1.49142953621	-2.19928017979	-2.83235851104	-3.19831213903	-2.6267440184	-2.84542575851	-4.24417530967	-2.95806145829	-4.07130433711	0.0729849158966	4.31046478281	-0.0649347152962	0.185935382014	-1.27665717928	-1.42635564389	-1.88217007136	-1.8462795689	-1.81308861588	-2.39594820862	-1.71452804989	-1.97506746079	-2.4781166771	0.443057802155	-1.36965828916	-1.01280906517	-1.35797380307	-1.08853491064	-0.0443647536921	-0.608198165406	-1.15622236096	-2.00141278756	-2.54114711676	-1.44304716788	-1.78412793969	-1.84123518097	-1.67483849949	-2.83156857465	-1.83586763923	-1.23964967565	-1.64242564645	-0.124163115464	-3.18057145991	-0.593596293407	-2.01957127149	-1.47286460661	0.101416586282	-1.25857042465	-1.09849893175	-0.899525246156	-2.32213514015	-1.48288648498	-4.58649979406	-2.07658588231	-1.86796485815	-4.49039508132	0.517442216514	1.24388503661	0.486658550541	0.250985432733	-0.24760776723	-0.189474306126	-3.13234336637	-2.49659680805	-3.36506588369	-1.53647495663	-3.40954555439	-1.69341673432	-0.339127409773	0.356892940426	0.107206941065	1.11014796117	-0.127109683601	-0.470429243658	-0.0830412473854	-0.894970810958	0.666763271089	-1.46245030038	-0.419258504476	-1.40465650256	-1.48901162741	-1.52265764474	-3.21758818512
n	-1.02729760393	-1.32542661289	-1.98242714734	-2.17728935392	-2.62830102901	-2.42699027661	-2.97522357112	-3.57424359392	-3.11089496352	-3.38787133551	2.03677646557	-0.0649347152962	5.31758292669	1.81879029288	0.0197651029261	-0.556293942781	-0.48395539692	-1.94475291065	-1.91938127733	-1.99730777897	-3.03912429577	-0.875855097848	2.01747100239	2.03905985402	-2.39012793561	1.09333081367	-1.30981977499	-1.80564936177	-1.88518062702	-0.979934353709	-0.369188466463	-0.0254020625903	-2.22606099029	-2.69204481246	-2.40292914121	0.206567694509	-2.01910813388	-1.83590191429	-1.72257015612	-1.82520328995	-1.11825998395	0.418872339382	-0.337926519021	-1.81972219841	-2.26710647799	-1.8830466994	-0.695466596155	-1.25674898849	-1.15601206643	-0.604181412044	-2.57395641123	-1.19774736907	-4.33593144665	-2.21678858975	-1.60533783343	-3.40028168117	0.435689185625	1.06561402304	0.810833170387	1.65081900551	-0.291871006929	-1.45758705103	-3.03964966124	-1.21125802497	-1.34276150645	-1.57306426845	0.630680730845	-2.10197482352	-3.30171614014	0.117355433041	0.634802884587	0.63188202498	0.73369879354	-0.304699862953	-0.311557699808	0.53365384846	-0.518217880618	-2.19622034025	-0.663614181256	-0.639358042285	-1.13319143581	-2.41892200773	-2.71458280974
o	-1.13645445356	-1.33856046007	-1.46398034404	-2.08908538051	-2.3136957405	-2.2644085704	-2.17556163817	-2.81229927184	-3.24744356023	-3.35070266154	-0.822880868416	0.185935382014	1.81879029288	5.20483044365	-0.130091334391	0.301948350855	-0.285549378023	1.60787109151	-1.20219276156	-2.25067699175	-2.47894336857	-0.237231500241	0.804614993603	0.871094352217	-3.25086107402	1.13252963673	-1.85341811896	-1.77500849637	-0.632383814337	0.484186298571	-0.619316919664	-2.70398249688	-1.54885696281	-1.24083394456	-2.61533771791	-1.85217370661	-1.81697044533	-1.37144385744	-1.94497494545	-1.31652154621	-1.39146024476	-0.222151799556	-1.63828279499	-1.10782949594	-1.03445616983	-1.34340772572	-0.237097683759	-0.876128093958	-1.16300521882	-0.855335178462	-1.25864877877	-1.36473353339	-4.58432700353	-1.84529576576	-1.75380414684	-3.46957460929	0.386907696183	0.630085410066	1.26987168362	1.96766543152	1.09662446097	0.89422444594	-2.17524264089	-1.55741799056	-1.16285266037	-1.54071261078	-1.03740732962	-2.36567262891	-3.38484169989	0.545120089827	0.620633398354	1.84581445335	0.560001358134	0.125279856115	-2.3452952326	-1.33083142481	-0.760041186386	-0.415407449579	-0.876368272271	-0.855695766457	-1.9985435831	-1.47206403443	-2.70120038864
p	-0.523097915596	-1.48708003902	-2.05726514174	-2.68447515106	-3.06417516523	-2.03466818926	-2.78369637514	-2.68898761305	-1.54665894266	-4.61034385427	0.311969802533	-1.27665717928	0.0197651029261	-0.130091334391	5.06825556913	-0.331965643438	1.41477751552	-1.18815533612	-0.26194871023	-0.541315656372	-1.84883324075	-2.07630678956	-1.44116540698	-1.86758479954	3.01334739397	-1.7795276703	-2.77084815416	-3.09294757663	-2.04137897071	-1.05250365462	-1.21733566448	0.458368123406	-3.9980104593	0.563263509897	2.16603966005	-4.05960630194	-1.8030985556	-1.85636646536	-0.937334818945	0.439315225659	0.553023808572	0.0461215119428	1.76993516061	2.01681449506	1.69490410143	1.88167569879	-1.78325829289	-2.24248685843	-2.00900268934	-0.959145202569	-4.02928843569	-2.30649012653	-5.38277991259	-3.28773639216	-2.87940395131	-4.55620711958	-0.636044188397	-0.679447756713	0.523854292299	-0.0741893678978	-0.327432075236	0.209224535007	-3.0042442082	2.42505147266	-4.14385732112	-1.5497316477	-2.28144639621	-3.34667728967	-2.1959213592	-2.16712517726	-1.21180130101	-1.30311507676	-1.00420319464	-2.22025440221	-0.184389268077	-2.37637633776	-1.02775924944	0.457737023203	-1.27154680161	-2.12190048885	-2.96195757109	-0.152638665756	-3.50027858361
q	-0.668374496619	-0.97861849251	-1.2367528243	-2.03158071323	-2.23265143031	-1.68216158989	-1.68125140663	-2.49566858506	-1.87857984535	-3.38475078476	-0.535082171088	-1.42635564389	-0.556293942781	0.301948350855	-0.331965643438	5.5576348406	1.35933336073	0.871613799941	-1.71355995233	-1.43130431814	-1.15129729768	0.882995468266	0.883360711739	-1.07050959533	-0.174429703263	0.637615583026	-2.15323411946	-0.979909060577	-0.778771669771	-1.36074647656	-0.784245563247	1.00722475961	0.494689604642	1.99045195269	0.304325611238	0.705561756107	-1.67180162176	-1.64318200539	-1.82287789779	-1.01982516186	-0.533255966612	-0.533741176925	-1.74250670507	-0.814164853167	0.793714985628	-1.09669349787	-0.563326558469	-0.595546345483	-0.351914957041	-0.37474770151	-1.87665438713	-0.580235197674	-4.46710914715	-1.36255520478	-1.1942319628	-2.97341167135	0.36583516488	0.718478820714	2.18980758352	1.99684788477	1.91341060947	-0.901398272769	-1.1208908036	2.76201608121	-2.39800744028	-0.984454012496	-3.85752461025	1.87814439621	-3.03503397908	0.855383512026	0.961686115891	1.07952212746	1.16014804079	1.54204599942	2.59063053168	1.60393879672	-0.478946215657	1.77238046788	-0.518806423883	-0.52075174483	-2.05831893147	-1.31914678994	-1.50026679451
r	0.760813897898	-0.762365111688	-1.39668523061	-2.93195091405	-2.11371384453	-1.76116084162	-2.40184282724	-2.93482683919	-2.53279348613	-2.86426569839	-0.652409473645	-1.88217007136	-0.48395539692	-0.285549378023	1.41477751552	1.35933336073	6.88743683448	4.12519214771	1.76215821309	-2.07109370137	2.48383807517	0.459687865264	2.26798648425	-0.938208918239	-0.569746097918	1.00656233465	-1.60693323136	-3.27660544291	-2.04314363706	0.13412427992	-2.21248675925	-1.46230211562	-0.756136612727	0.400752667358	-3.75135868465	1.14637505163	-0.615141321897	-1.56101219896	-1.30362964742	-0.497945754281	-1.11701644202	-1.58570849092	-1.48742261395	-1.08744890535	-1.39698566639	0.399555906575	-0.645006062894	-2.28263324129	-1.56657692407	-0.951422310393	-1.37806543845	-1.10510520503	-4.1739426489	-2.19062830296	-1.33677779295	-4.1944700936	-1.86335688805	1.22778437798	0.891551003112	1.42378887994	-0.932481301863	0.212235110087	-2.74422301491	-1.27840145802	-2.88383612784	-3.37717329567	-2.34335329781	-0.408584191269	-1.52086266664	0.457052346303	-0.72001716355	-1.00405178275	-0.728414685498	1.95808299348	-0.509330575512	0.911659231693	4.55725634178	-0.304335554362	-1.41881360799	-2.01500905446	-1.68056272701	-0.640112494486	-2.26784307362
s	2.44869602747	-1.1543897838	-2.21669587071	-2.38619795469	-2.77433302696	-2.14295642701	-2.67225223838	-2.39081339511	-2.33487860894	-4.24262369766	0.531423356691	-1.8462795689	-1.94475291065	1.60787109151	-1.18815533612	0.871613799941	4.12519214771	7.34154580916	0.298371284987	0.937948262206	3.11794008694	3.10945859994	2.10569511527	2.57013701369	0.656274535569	0.777346640576	0.221736479238	-2.64578870069	-1.94237576448	-0.804501285801	-2.13375562562	0.593090691594	0.176247829989	0.756499474003	-1.94815290104	0.891910287467	0.809440233483	-1.85512766783	-0.499748286621	-2.88687263694	-1.76502177024	-2.31088167965	-2.54456484	-2.40367835272	-2.38963916599	-2.1191664047	-1.31937924462	-1.64590103393	-1.16737674865	-1.76945885678	-2.5075861961	-2.03159054794	-3.02124255215	-2.31080123774	-3.84039321183	-4.99266090243	-1.576251747	-0.350644179413	-0.208186624363	1.81116642979	0.167706219511	2.17893962599	-2.26294532618	-3.11905186418	-1.40255843911	-1.31093310621	-1.86207560908	2.75919402464	-1.03958497791	-1.18679735242	-0.870433025887	-1.07999160425	-0.262904312627	0.850892237991	-1.00003851061	0.977899421143	-3.84104921911	0.00701713292554	-1.43584403773	-2.56410501478	-1.12506687218	-0.997724359531	-1.72626533277
t	-0.279747916895	-0.538863091604	-2.15194268698	-3.04905128906	-3.12105396273	-3.28367658236	-3.06725642738	-2.66421754718	-3.11384426706	-5.10085508567	-2.94655892486	-1.81308861588	-1.91938127733	-1.20219276156	-0.26194871023	-1.71355995233	1.76215821309	0.298371284987	6.82695657423	0.37407153247	2.59311575049	0.896708115798	-0.0466361643728	0.914458721688	1.79379845651	-0.12802153268	-0.224651532802	-2.42251087681	-1.86390600143	-2.73852246693	-3.08606105623	-1.33332876681	-1.78237532438	-0.718401159405	-3.25517636165	-0.600788696275	-2.34393416084	-3.25585071286	-2.02393914431	-2.60737308284	-3.20579661974	-1.38170691941	-5.33701512779	-2.02620363906	-4.95969703244	-0.811480021195	-1.826895645	-2.00273706493	-0.917280158099	-1.11614053436	-1.98088943909	-0.995080034278	-4.09128839147	-2.76293482579	-1.58178564997	-3.08451473406	-2.98455854346	-0.0508584370082	0.193393286112	0.350733054516	-3.43629897886	-0.847975915435	-2.11053716816	-2.51918472919	-3.38765380483	-3.88099097266	-0.525242879925	-0.912401868267	-2.02468034364	0.832940435587	1.53083976483	1.04164420497	1.91486193057	2.41342322171	1.33679421855	1.81068964497	-1.50421648995	2.70530632116	-3.21061204795	0.261439617072	-2.1996934595	-0.916093611457	-3.1343091756
u	-1.96684112097	-0.385543393187	-2.03297141809	-2.31539711305	-3.02981089954	-3.2264749779	-3.86011221923	-5.0002322792	-5.17718562238	-6.11819453761	-4.65218439536	-2.39594820862	-1.99730777897	-2.25067699175	-0.541315656372	-1.43130431814	-2.07109370137	0.937948262206	0.37407153247	8.22523124526	3.06279152958	1.56467929025	1.35119860437	1.57667670275	0.522282519332	-1.63055513781	-0.665562762493	-2.12358666218	-3.63279437068	0.637304400256	-3.6362005936	-3.57515301904	-3.96006923919	-0.133271312135	-1.97343865783	-3.23465880517	-1.89318565309	-2.37116058373	-4.24143406719	-3.43075208484	-0.164598683967	-2.7146790597	-1.99638373492	3.26883088737	-1.26292182934	-1.62089020543	-5.00458955982	-4.93422119656	-4.29596113065	-4.51475247586	-5.19660894193	-4.38094014397	-7.87434733356	-5.99243412849	-5.1529609207	-5.68249742468	-4.46181274013	-3.88182086594	-1.75481878258	-2.22258090575	-2.37695369638	-0.953261334724	-4.28823108298	-0.500481431202	-2.10591610101	-2.59925326884	-1.56543327099	-1.30873606956	-0.742942639817	-2.82392131593	-2.82617784943	-2.91263228311	-1.88909411401	-1.09251651175	-5.40383589066	0.198592906003	-3.54440688101	-2.54433743554	-5.35513909884	-3.82205152836	-3.54758730574	-1.01449861647	-3.88331809468
v	-0.31272095475	-0.0997293293958	-0.436300091213	-0.484634877474	-3.28694544198	-1.40154649189	-0.217133475288	-1.20752222059	-0.831658135912	-0.621671385433	-1.66748512867	-1.71452804989	-3.03912429577	-2.47894336857	-1.84883324075	-1.15129729768	2.48383807517	3.11794008694	2.59311575049	3.06279152958	9.58376565753	6.81037102447	6.02252501991	3.67576629392	6.05974211361	0.090616409644	-1.65427140605	0.367579279825	-0.985463893918	-0.959482295309	1.21706388176	-0.247957355344	0.498916297059	0.567268902542	-0.584842449469	0.823788801505	-0.438806025682	-1.15404484331	-1.38335257552	-1.29849562973	0.62065649436	1.41088274283	-3.25164371633	-2.11075722904	-2.87432562098	0.331606888122	-2.13056652429	-2.21441907972	-1.96811895337	-1.6361054138	-3.90057885231	-2.34123907809	-6.57501846329	-3.76984787157	-3.78902676657	-5.33762259375	-1.96630132785	-0.291590796406	-1.28376041403	-1.59951944375	-2.57331998874	0.0568232503842	0.100365125387	-0.433813317727	0.282680107348	-0.210657060481	0.82316293737	1.0798601388	1.64565356855	-1.32840990365	-1.20311638743	-1.71668115269	-0.0854604063703	1.24545362354	-1.0152396823	1.69966384362	-1.15581067265	-2.47766932206	-1.74415046914	-2.26353031856	0.822172260613	0.556095425635	-1.11478616036
w	0.287037347429	-0.213049893446	-0.492595547234	-1.36544232471	-2.28337235895	-1.17387804345	-1.95175835824	-4.55936556396	-4.55076325399	-3.8589926317	-0.734086780444	-1.97506746079	-0.875855097848	-0.237231500241	-2.07630678956	0.882995468266	0.459687865264	3.10945859994	0.896708115798	1.56467929025	6.81037102447	9.95025399228	5.75625309976	-1.19123751927	4.42155699092	2.21296535226	-0.181425216358	-0.180150891922	0.480186794374	-1.11890432111	-0.459256369815	2.04315453062	2.34615800154	2.60715568496	1.62496933439	2.52880843333	0.169169438895	-0.557484604599	-1.6356465446	-1.93668075243	0.208031072083	0.173235549718	-0.819439511129	-0.678553023843	-2.24947633784	0.569433048155	-0.505717241147	-0.96808141983	0.156490507959	-0.509434865239	-2.17503556954	-1.78609876676	-5.20097728365	-3.04311897441	-3.2672709764	-4.92778620158	0.551632751371	0.809696530679	0.694725823728	0.162833363138	2.37345738929	2.52966944008	-1.27478559147	1.77599846614	0.90752939049	0.414192222661	1.44801222051	3.77509874984	2.27050285169	0.42768391277	-0.315232698453	0.958794203525	1.7488422424	2.01714429501	0.93153769573	2.70302475002	-0.530961389509	2.43258217994	-0.641253889192	-1.10816631872	1.70804362182	-0.469606133572	0.058832241367
x	0.20144488012	0.865879150744	0.327858192518	-1.12326495326	-2.61017927048	-1.54055331418	-1.26764014644	-0.557950706005	-1.88577606062	-3.47005577504	-1.7666909429	-2.4781166771	2.01747100239	0.804614993603	-1.44116540698	0.883360711739	2.26798648425	2.10569511527	-0.0466361643728	1.35119860437	6.02252501991	5.75625309976	8.71966745519	7.05757323497	3.6186010658	4.10890698047	-1.14448844556	0.595232323536	0.538185180695	1.55576542566	1.4119735049	2.96877863024	2.95937154519	3.04366569454	-1.63896037417	3.62907254663	-1.07788645111	0.795334676223	-0.314613752442	0.0320502957965	1.50995504129	1.03483672324	1.01616645386	-1.16487515375	1.07155645432	1.51195421706	0.400278051728	-0.232011128396	0.652923431622	-0.0560947809803	-1.91188369347	-1.21638686175	-5.69187214335	-3.32353680577	-2.7942350908	-6.50721773587	-0.127334456474	1.8031546648	1.49219665983	1.02443453665	2.37256208656	2.38121694893	-0.953752799317	0.512068757569	1.22856218264	0.735225014815	1.76904501267	4.51116904127	4.17649814456	0.269548868226	0.0646937827546	-3.57815399945	1.66777659098	2.90754273284	-0.484395106282	3.36801194339	-0.209928597354	1.71614026668	-0.476340298955	-1.4875732447	-1.10813946248	-1.00498248779	0.637411154475
y	-1.37343372548	-0.562043161105	-0.0526084089673	-1.15979008027	-2.75027044785	-1.81509116994	-0.948601871898	-2.6983440501	-1.88613895293	-0.684092700941	-1.65554552	0.443057802155	2.03905985402	0.871094352217	-1.86758479954	-1.07050959533	-0.938208918239	2.57013701369	0.914458721688	1.57667670275	3.67576629392	-1.19123751927	7.05757323497	11.0511106334	7.36591476075	7.214653992	-1.18792005977	-1.22746991856	-0.20365878691	-0.0168747077492	0.490770150103	0.677825609574	-0.903487823381	-0.612742796562	-0.59492914713	2.59130968251	-0.50592366838	-1.23592222404	-2.71536736807	-0.308582327396	-0.352904327276	-0.113777127664	0.545624508068	0.686510995354	-0.884412318641	2.62637477199	0.636954356713	-0.702553074184	1.0600643659	0.410391416904	-1.82627336268	-1.22126523519	-5.38480651047	-2.88955906041	-2.07213195864	-2.81548825276	-0.324311328936	-0.825239450124	0.70615288831	0.875820685755	-0.583406686398	-0.275191542165	4.17774126898	1.55609998461	2.27259340969	4.10118433675	2.81307623971	0.747845346254	3.63556687088	1.02407347807	3.89113357472	1.92530884623	2.60489261411	2.12845172197	-1.02532637996	1.36764905107	0.834102629688	1.31959890233	-1.39166708741	-0.858579516938	-1.8969982496	-0.976218017399	-0.726378018964
z	4.3172356754	1.06256065137	0.179707856998	-1.8650637213	-3.07990158248	-1.33059321851	-1.25467059898	2.34116727572	-0.273344442744	-1.35268151451	-2.32661106387	-1.36965828916	-2.39012793561	-3.25086107402	3.01334739397	-0.174429703263	-0.569746097918	0.656274535569	1.79379845651	0.522282519332	6.05974211361	4.42155699092	3.6186010658	7.36591476075	8.30173283673	6.43964442826	-2.30644458061	-1.86360167231	-0.157796489846	0.08699319275	-3.69814369863	1.42179756499	1.29991575067	2.91258887238	3.93040252181	0.887822660948	-1.39873540959	0.876333461953	0.566038717979	-0.105178753346	-3.47142884811	-0.132765974951	-2.05832683994	2.83744714951	2.31899125541	3.75938901815	-1.74460456996	-0.782942466134	-1.92164346531	-0.853983970397	-2.83437389382	-1.55391456138	-6.76636543714	-3.02719240419	-2.5468002897	-4.64311157433	-0.995376872802	-2.62183587607	-0.675406038361	-1.72813066225	-0.380003112348	-0.0717879681144	1.8786445025	1.75950355866	2.47599698374	1.98265981591	5.33840790865	0.951248920304	3.83897044493	-0.52741045004	0.575162989681	0.476635723702	-0.30718102926	1.43877049993	-0.82192280591	-0.428947374875	2.62246870446	0.300610055048	-2.35818851481	-1.43278352155	1.70728476073	2.1604367388	-0.728982370262
^	0.996003727885	0.680241148112	0.36419449934	-0.454183074877	-0.629641620466	-1.42211555384	-0.829056217904	-3.26814597004	-2.74497048724	-2.42037105296	-1.8146100781	-1.01280906517	1.09333081367	1.13252963673	-1.7795276703	0.637615583026	1.00656233465	0.777346640576	-0.12802153268	-1.63055513781	0.090616409644	2.21296535226	4.10890698047	7.214653992	6.43964442826	9.240143845	0.701709638925	1.11901745511	1.72914414272	1.79029283076	1.8365563354	2.39518636636	3.2195332956	3.20649757424	2.8092737244	3.88736375018	-0.491132488456	-1.13657393404	2.13607182512	2.28324754731	1.41119448934	1.73099833525	-0.635135121126	-2.3016035559	-2.06517194783	3.3931477229	-0.669336154564	-1.60320478418	-0.394343343153	-0.317002594352	-2.65910968845	-2.07018130063	-6.15052864039	-2.48535618888	-2.75039124731	-4.71794671946	-0.716575063323	1.03839504004	0.879030213731	-0.304938943439	0.557761779296	0.865976923529	-1.09048120147	0.375340355418	1.09183378049	0.598496612664	1.63231661051	2.88901381195	2.45480724169	-0.589645558397	-1.54596580773	-0.544957400157	0.630583862383	2.05460729669	-2.20608600915	1.35681442332	2.97527109538	3.46076736803	-1.42042362316	-0.86941414469	-0.463048034678	0.526838241055	0.241189236194
!	0.162060140395	-0.824517577264	-0.906573165602	-1.95545697354	-1.95194496562	-1.79301289951	-2.04433632596	-1.7756303175	-1.57334011878	-1.64725569342	-0.528745910688	-1.35797380307	-1.30981977499	-1.85341811896	-2.77084815416	-2.15323411946	-1.60693323136	0.221736479238	-0.224651532802	-0.665562762493	-1.65427140605	-0.181425216358	-1.14448844556	-1.18792005977	-2.30644458061	0.701709638925	6.424511326	2.02228573803	2.26241367801	1.72123496938	1.47412253356	1.30124824495	1.62229088766	1.6751261028	1.69867612178	0.345040340228	-1.4347108208	-0.773171072911	-1.20921746378	-0.791494576617	-1.73645525729	-0.823446990783	-2.5530876458	-2.99716365923	-3.56808697323	-1.20168979193	0.42088525221	-0.687771096908	-1.18632118686	-0.429531257408	-1.65763132089	-1.0034487637	-3.43212507779	-1.26130618692	-1.86909389956	-3.29677853286	1.24252777807	0.900476831427	0.500011658737	0.482823192072	-0.289801417484	1.04113380325	-0.201078804081	-0.542612169253	-1.82611874418	3.04977789766	-1.28563591416	-1.47639768969	-2.0481077837	0.683543404284	0.434039138439	0.489561705089	-0.0310289090282	1.24418323632	0.875961466175	0.159707827455	-0.205715835123	0.894658516149	0.401291966712	-0.362345081509	1.51208423673	-1.25665396283	-1.23674540737
""""	0.67530277667	-0.449464091165	-0.907945871545	-1.90983500273	-2.05283118389	-2.13999601027	-2.3764419382	-2.31651441264	-2.48159668181	-2.54074368033	-1.22869696703	-1.08853491064	-1.80564936177	-1.77500849637	-3.09294757663	-0.979909060577	-3.27660544291	-2.64578870069	-2.42251087681	-2.12358666218	0.367579279825	-0.180150891922	0.595232323536	-1.22746991856	-1.86360167231	1.11901745511	2.02228573803	6.68899833579	3.03186057167	2.39925149223	1.85346249955	2.21345050847	3.55465919134	3.1652844844	3.96752053405	1.85387130992	-1.24152010642	-0.605952244989	-2.24993031742	-1.18918945904	-0.906203839206	-1.6025363874	-2.99560217156	-2.28767509155	-1.84960962232	-1.02588322003	-0.661980344141	0.0230067868827	-1.25040156823	-0.85102959889	-1.23870286306	-1.50663429739	-3.79043121406	-1.73750258469	-2.36121887354	-3.86944186433	-0.0080596070807	1.37599926156	-0.287195455682	-1.02797607326	-0.290806232608	0.865405818181	-0.189027466379	-0.76273427368	-2.21616585005	0.682814404902	-1.67568302003	-2.15595141276	0.468735706037	-0.27120605224	-1.1169998441	-0.914357575362	0.862776862444	-0.911000136406	-1.81364592155	1.73063883276	-1.4847316286	-0.468720639259	-0.420994728512	-1.44848550013	0.795705371936	-2.62296134763	-1.4586153568
#	1.1938471335	0.482307815291	-0.316833683912	-0.992096652326	-1.52099320467	-1.09636114152	-1.51937846067	-1.43324001863	-2.32718936855	-2.95850217999	-1.84794308007	-0.0443647536921	-1.88518062702	-0.632383814337	-2.04137897071	-0.778771669771	-2.04314363706	-1.94237576448	-1.86390600143	-3.63279437068	-0.985463893918	0.480186794374	0.538185180695	-0.20365878691	-0.157796489846	1.72914414272	2.26241367801	3.03186057167	7.24589553863	5.06220449212	3.67636683229	1.48675344697	2.61593339682	1.23925376273	3.45500678977	1.01119522916	-0.979624270475	0.269803288211	-2.07636453212	-1.14411800247	-0.944514419465	-1.06913549043	-1.21179447709	-2.54895528661	-2.31252367855	-0.118765883391	-0.691621329642	-1.08003836102	-0.718031781522	-0.353587228848	-0.386744943056	-1.22327712595	-3.1878082214	-0.609740488999	-1.46210818966	-2.59991883721	-0.535393452272	0.168112958408	0.377577201955	0.627415348084	0.268589872889	-0.603767228519	0.899206265121	1.4080965439	-1.96287287228	-0.134281945218	0.899538052633	0.51237906429	-0.59989941108	-0.308068823302	0.379149657564	1.6524757118	0.0440260453517	0.934012708262	-0.402811666796	0.417584987973	-0.231438650833	1.19564093559	-0.297212483737	-0.808643580039	1.00420623078	-1.63441619043	-0.964967278674
$	0.876437658229	1.07089333215	0.632114963641	-0.804718604842	-1.23176571867	-0.696444699145	-1.79137977615	-0.781255958078	-1.16674713296	-1.53610729547	1.00659957854	-0.608198165406	-0.979934353709	0.484186298571	-1.05250365462	-1.36074647656	0.13412427992	-0.804501285801	-2.73852246693	0.637304400256	-0.959482295309	-1.11890432111	1.55576542566	-0.0168747077492	0.08699319275	1.79029283076	1.72123496938	2.39925149223	5.06220449212	7.90113438382	4.1230418253	2.09808211115	0.425185128037	2.90437524427	1.62940714447	1.97053157609	-1.01081732216	-1.2722668385	-1.25496371824	-1.16670819598	-1.15771438133	0.80145510941	-1.77435971655	-0.218435729988	-3.98200412192	0.751175390042	-1.00120582793	0.50363587071	-1.06420948004	-0.54969686263	-2.41751249994	-1.27597122562	-4.7020104393	-1.71544212429	-1.7048377132	-3.55178952888	0.247948266088	1.23704008337	1.43863608358	0.292802055301	-0.359070394794	-0.565428423391	-3.00731337556	0.458508181328	-0.824998393597	2.38210415672	-0.284515563575	0.457608465027	0.5379750676	-0.897668489811	-0.328942235084	0.0121416140854	0.614216014742	0.459703217485	0.199009911643	0.591985342678	1.54386574846	-0.678457227398	-0.459511547304	-0.956171320222	1.32564639236	-1.32461792418	-0.817266281952
%	0.433835551278	2.44042304491	-0.492326472896	-1.3546043979	-1.72711601555	-0.958627989803	-1.99447165019	-1.40660095405	-2.36905568827	-2.55417286025	-2.66678895519	-1.15622236096	-0.369188466463	-0.619316919664	-1.21733566448	-0.784245563247	-2.21248675925	-2.13375562562	-3.08606105623	-3.6362005936	1.21706388176	-0.459256369815	1.4119735049	0.490770150103	-3.69814369863	1.8365563354	1.47412253356	1.85346249955	3.67636683229	4.1230418253	8.52261345309	4.17368735458	1.6210512462	2.65173343372	3.5293694251	2.8233644351	-1.36056806887	-2.99526850319	-1.29533022493	-1.0944494828	-1.50227868132	-1.04230951194	-1.87767256795	-2.38886277725	-3.95978609124	-0.671391421949	0.0851425401682	-1.61949748418	-0.556564622185	-0.844999825313	-2.27361591267	-1.35695847706	-4.67590897413	-1.39268138404	-3.82557763636	-3.36330183568	-0.449725784037	1.42131487216	0.505248233624	0.0805548323457	1.86478149706	-0.0286372198792	2.14418767207	0.802654306897	0.197219637085	2.61077306486	-0.262297532893	0.479826495709	0.560193098282	-1.41387037391	-1.25295294796	-0.702605949399	-0.363565954576	-0.0623992680568	0.291617270216	0.0996302005301	-2.24127114291	0.244225129732	-0.742148098151	-0.261527947569	2.39695268021	-2.58381282865	-1.37720691101
