Expected_score:	-0.42127295135973286
Entropy:	1.3020421642156383