	L	B	S	T	H	I	N	U
L	5.015097345392953	0.6624110333587736	-0.6779814921565285	1.4446868010375848	-1.1227696495929596	-0.6707903215474985	2.3134551510942662	-0.5543937716963312
B	0.6624110333587736	4.641741070512023	-0.3354814931622219	-1.1076286677197602	-0.7865665430994706	0.5010395989733047	0.15819798068188978	-0.8661697026965705
S	-0.6779814921565285	-0.3354814931622219	0.7072658735563203	-1.6953148647213947	-1.7766917006588743	-1.2280362585698312	-0.8165381739952031	-1.6688450441308222
T	1.4446868010375848	-1.1076286677197602	-1.6953148647213947	2.4685710439057207	-2.653125213065007	-2.247018389469676	0.7816756373341294	-1.5611783435884083
H	-1.1227696495929596	-0.7865665430994706	-1.7766917006588743	-2.653125213065007	2.4310979212309514	-0.816440067559948	-0.3945311667051771	-1.5406052461543283
I	-0.6707903215474985	0.5010395989733047	-1.2280362585698312	-2.247018389469676	-0.816440067559948	3.2199064886568096	0.3063770911020709	-1.1549033051597557
N	2.3134551510942662	0.15819798068188978	-0.8165381739952031	0.7816756373341294	-0.3945311667051771	0.3063770911020709	5.012608389172906	-0.42347828727379366
U	-0.5543937716963312	-0.8661697026965705	-1.6688450441308222	-1.5611783435884083	-1.5406052461543283	-1.1549033051597557	-0.42347828727379366	2.379685439048761
