Expected_score:	-0.7199463907568592
Entropy:	1.990965272210273