	a	b	c	d	e	f	g	h	i	=	l	m	n	o	p	q	r	s	t	u	v	w	x	y	z	^	!	""""	#	$	%	&	'	(	)	+	2	3	4	5	6	7	8	9	0	>	A	B	C	D	E	F	G	H	I	J	K	L	M	N	O	P	Q	R	S	T	U	V	W	Y	Z	~	?	_	|	/	\	@	{	}	[	]	:
a	7.177595101217822	1.2218894226421704	-0.029276073724895855	-0.5459341462404489	-0.6370661063702852	-0.8945354773275751	-1.3961553603416903	-1.1435959758783811	-0.6683083655192612	-2.222732990457728	-0.9867134939038256	-1.3462524019599469	-0.6159089463540762	-0.7602949318339085	-0.43656185726068986	-0.3790166747793193	0.7678014897886132	2.3323589379581273	-0.236906732181023	-1.1463420997287463	-0.5397384047014255	0.11106282522671279	0.1285016328209051	-1.873713520697138	1.5535044214631932	-0.21328557106807408	0.3373345642954388	0.8285007196433715	-0.14406460671832533	0.9861379984382369	0.7022993284287773	0.8368063408147652	-0.9126626738043108	0.3096988419396186	0.5778619708041914	-0.20680264478572918	0.2736058944103344	0.5984028541534006	0.795450514762642	0.7348194737937364	0.4140365356786675	0.38621533283034093	0.28178994680567837	1.2694833001091272	0.42096400858311744	-1.9020316254686722	1.05305131576012	-0.29752689926750164	-0.42846961592110894	-0.39775762148815597	-1.686166115039803	-0.9803915193654554	-2.86030960477901	-1.417800688333662	-1.190435748652403	-3.466302880081233	-0.20535078372193552	0.355415544679151	-0.37914383734368756	-0.11225619365785981	-0.7123314966528057	-0.3571815897779334	1.4007464676252617	-0.23643815759664935	-1.0452054097140728	-0.6304815738870331	-1.50472257969251	0.7519746217398492	-0.6822319485174575	-0.12965925904764294	-0.6386419892493163	0.5780526888691099	-0.6392781408118539	0.6634647470033362	-0.41394140632916104	1.0583193027717257	-0.6295403788720997	-1.0370486653289404	-0.8705229959004582	-0.515687414771223	-1.010999126472968	0.37908716819971877	-0.8417778323395364
b	1.2218894226421704	4.690583635300551	0.5741270088402274	-0.2302914889314311	-0.5593888772822864	-0.5953814529182996	-0.5953792711280091	-1.414895499772011	-0.7623736846512862	-2.057581526752085	-1.229729833241612	-1.545149673243291	-1.0337734791003723	-0.9030865278752365	-1.2830244862142817	-0.6446679004016977	-0.5261938490751068	-0.6237493659005956	-0.2792732145095964	-0.18332624793143384	0.24750948649681562	0.15418396378611623	0.9542236718337821	-0.7828900865053973	-0.4257701346729455	0.10833734263805796	-0.23585410620488745	-0.20703961750877	-0.3581989651524724	0.9267568372872254	2.309768293659867	0.6189577768214108	-1.5609452091250386	0.9222521520746098	2.0958373271842357	0.07706155032611697	0.007312101851105172	-0.23524929244935727	-0.002966433985504002	1.1016163695267693	2.5094206077785848	0.52227831463289	1.0151588524809159	0.3143521009547978	1.867074036670167	0.031562143916657376	0.8837953112529429	0.41132105636693805	-0.14687051297775794	0.06575091531655403	-0.20884029861729017	-0.3501427172698354	-2.3787144531035613	-1.4345831067613206	-1.072614567482112	-3.1727367446236783	-0.09373624444301995	0.48769182732154087	0.35176365584983565	-0.06133834813938408	-0.37267073085728686	-0.022445903277198906	-1.2584518451746503	-0.31442610453651215	-0.23783592259505867	-0.6787221774328439	-2.3603181052959252	0.3818059233066757	-1.122789974842029	-0.1565414615515954	-0.147912765657902	1.1292323075607427	0.4950726689208083	-0.23165914278671573	0.7248603618380477	-0.3528947619707009	0.48449044648096645	0.9097952407111323	0.1785439732125282	-0.3096761427812021	-0.4353973629737212	-0.014632302958171793	-0.8570465493012421
c	-0.029276073724895855	0.5741270088402274	3.4236419607104716	0.36522768665281996	-0.7472662002551965	-0.8372878524337753	-1.5575639801695793	-1.777605929464779	-1.6345859433017638	-2.6475922029692787	-2.0789962872415604	-2.433333101660975	-1.9677728094719171	-1.308378940541395	-2.1086672551100842	-1.256908920110078	-1.3781777421146915	-1.4492486725926295	-2.1809108612575154	-1.787963972831548	-0.30803754045302706	-0.7222884821048707	-0.07815845287767868	-0.3320902558559887	-0.4302677216850659	-0.24199634103908965	-0.7818997440853154	-0.9192903668570785	-0.9513467664024349	0.17127594635565502	-0.6845696871472216	-0.7689821272661678	-2.4486060248514083	-0.10167200320702462	-0.1579791637922675	-0.7614305409126044	-0.5553531800549818	-1.1068367934798127	-0.5910218751533515	-0.2684639796762976	0.09916102645504443	-0.27236634513306396	-0.14180314755854875	0.6074917979590923	0.40515708202141865	-1.3606497091119891	-0.061838944573132396	-0.18158577211383126	-0.22819576965163127	-0.13954802241580105	-0.2989730605547638	-0.8258800861094006	-2.9874316044440605	-1.6294788894376355	-1.3382868068261546	-3.428286681002224	-0.8948268784918696	-0.4856130663020251	-0.8532070204393436	-0.2988460489739529	-1.4389097099202968	0.16637257581541648	-0.06146212912461613	-1.601158909444471	-2.1551122625330694	-1.5598161810642084	-1.1995919332326628	-0.16889840668913025	-4.699029396944972	-0.6465205889778597	-0.9080270560755094	0.27235877129583524	-0.5643757551025583	1.0828723653555818	0.06483732761571614	-0.8956372720855577	0.7459795954791456	-1.0125780953847214	-0.5810055394464344	-0.579110055182483	-1.0545634844632685	-0.28732488230735076	-0.65652386146382
d	-0.5459341462404489	-0.2302914889314311	0.36522768665281996	2.9477150357139656	-0.2004064380810404	-0.9962566444616543	-1.4293955852307383	-1.950193000569994	-1.9456528717874921	-3.1993748056452396	-2.201587011629057	-2.9233715912157168	-1.9290488205385026	-1.6431439088809314	-2.451571503756773	-1.7947862000630475	-2.5357089841491014	-1.839934422903144	-2.6980641909279486	-1.862316043697045	-0.39056790431080596	-1.2874141412628952	-0.7058284092311012	-0.6990918082564351	-0.5038383511339805	-0.4589846291040187	-1.6488890594811225	-1.4600257544131725	-1.9598177809587636	-0.9132131364030658	-1.0832518925734413	-2.090069222662063	-3.4387061534507537	0.5399552533531404	-0.3035205086347965	-0.9359462236800284	-0.8911096565602693	-1.5484857037758648	-1.2496593570984031	-0.054404335616326724	-0.6251254505038305	-0.29948101086428086	-0.39158524730856853	-0.020626233099783193	-0.30414105819092685	-2.83362806016189	-0.7452905177754444	-0.5338732346642269	-0.5051663229064789	0.2182694126084195	-1.2384511378704632	-1.0716476295515152	-3.1188608446553756	-1.8547190826527016	-1.5749303594460533	-3.850246190613964	-1.0300672739637367	-0.9490909583047389	-1.1787226554709287	-0.3058317002869016	-1.4831759590362261	-0.8843703272117368	-0.15658251082034508	-1.2512496054874724	-1.5185559955203265	-2.4086867412217075	-3.56303566621992	-1.6282665596749228	-3.547899957102471	-0.5942223523702256	-1.0410707891249524	-0.7688373683992791	-0.5687008338940363	-0.5703543732296853	-0.07651754953666323	-0.30368630719397993	-0.5008549505982556	-0.7228075838990196	-0.46446861567417147	-0.7273512782054293	-1.0509222557191815	-0.5063787059594329	-1.560239496888932
e	-0.6370661063702852	-0.5593888772822864	-0.7472662002551965	-0.2004064380810404	2.6043233625166384	0.23283928035066642	-1.1528743416599234	-1.892962446310822	-1.3239805048104045	-3.145452382079766	-3.42302788033668	-3.3064425821524095	-2.3570139284355305	-2.043608960044645	-2.9707391879803366	-1.6862467214620076	-2.10182688234364	-2.316477857373416	-2.99561620750897	-1.9254748034270797	-2.0669077762912402	-2.4384422979580593	-0.268066721658107	-1.390528215891707	-0.6749364005433149	-0.27968347956732964	-1.293868932544402	-1.4464990186325786	-1.1662597300820088	-0.43142187908173546	-0.2010553637754557	-2.346332436614252	-4.107772245378651	-1.1932294505824441	0.22019329227996556	0.33867037160960417	-0.42974736189644797	-0.7107336767187555	-0.554617174854837	0.851666528926999	0.5452809944729867	0.887464396468604	1.1344672987058548	1.1357261884268133	1.0027732378461864	-2.746715455871442	-0.2557587490139483	-0.7688240016665101	-1.0536853654366716	-0.38833034693096474	-0.3423105266041103	-1.0181510272188452	-3.8290639633602828	-1.7813600786118684	-1.835252362801299	-4.04844527748269	-1.6003595785884854	-0.682119738502346	-0.5840418976859302	-0.909133059760183	-1.1086598250806285	0.7580215947452048	-3.407889567325833	0.5278907750738194	0.5354859355077813	-3.57036214211638	-3.514992475813255	-3.1742310095924213	-3.0144299395255647	-0.8692027707257912	-0.245136863991332	-1.5899274939469077	-1.4437384997917546	-0.8085130818269094	0.13991159465073993	-0.9559086069177022	-0.33968655042383067	-0.3985244488592936	-1.4301314830116376	-0.2326560771571989	-1.393492734386062	-0.3638765878351114	-2.2084755103290856
f	-0.8945354773275751	-0.5953814529182996	-0.8372878524337753	-0.9962566444616543	0.23283928035066642	3.76553439052423	0.669975607957445	-0.7855261474807324	-0.5936708111584301	-2.046706395872335	-2.3878464801418064	-2.487170079226766	-1.9262346894011337	-1.775413699829842	-1.7295707182831845	-1.3620231696432767	-1.4867752455513417	-1.7402971047470708	-2.98165890893779	-2.2915600709390542	-1.1934293591419667	-1.135298962934648	-0.7199701588906064	-1.3279994693256862	-1.107347736313912	-0.9001381675003531	-1.3435366431747482	-1.5296787233364342	-1.6317864651359064	-0.6785238101193096	-0.3561066863291515	-1.9207102673181458	-4.162265007362849	-0.9906578358624718	0.11133242642089608	-0.3821892985139354	-0.9277090312537554	-1.8217136309752817	-1.3135677468265128	0.017558743322591375	-0.3774182669752551	-0.41331732365576074	0.12070037452117652	-0.0879098004409774	0.06535901309847889	-3.1185829168436197	-0.9550062589295364	-0.7138317082562996	-0.6425610425171486	-0.3659774929864149	-1.4288310142247818	-0.38186799202134697	-2.106623277035323	-0.882451275742401	-1.3332743810248273	-3.1738129244649333	-1.1158603504075766	-0.6242334892354294	-0.7552463005990397	-0.41832106584790885	0.34989803803696823	0.8666043667061566	-2.852789353423835	-1.5434894879727477	-2.2707268545935735	-3.749087814850021	-1.8457212419919464	0.08151419186764293	-0.6081931115380501	-0.23934917821572713	-0.6554775522780819	-0.9228363814938333	0.20647023965849404	-0.7462995007078337	-0.39984510980603577	-1.565613322799209	1.165597646814493	0.37556739541337875	-0.5810859841874912	-0.3697446092984194	-0.9935799308285752	-0.3633140711875259	-2.374689505800164
g	-1.3961553603416903	-0.5953792711280091	-1.5575639801695793	-1.4293955852307383	-1.1528743416599234	0.669975607957445	4.0575864551788	1.0420673731415773	0.5408124234100682	-1.2468416559456654	-3.0495768394676186	-3.037231745648462	-2.852117064846805	-2.158919262711098	-2.6044195582040377	-1.6075793603580346	-2.123927943633462	-2.1758656663292872	-2.8854320801940876	-2.8059372413549104	-0.37168248037557733	-1.8685107352737627	-1.1450923088290095	-1.402360272261247	-2.7662437711596666	-1.543295831242981	-1.8091232422203791	-2.0824405434052395	-2.0734901508532357	-1.8237231750246867	-1.6518823612579567	-2.6127353464516894	-5.739509141282222	-0.2561703735806888	-1.67513088839501	-1.5887641680327593	-1.3648992900241084	-2.8137527115123393	-1.7873994631415584	-0.9724577199324218	-0.6060523890918988	-1.4935618433750864	-1.2379374870699085	-0.8078503090524112	-1.1189099984042452	-4.447331344157104	-0.5558135317057781	-0.3084339046965647	-0.1334555170947225	-0.016601604801636118	-1.291432699593397	0.7814456848250813	0.7817877688931927	0.34651465429003486	-0.7639497596423139	-3.21103913176628	-1.2360651140659042	-0.4008248086407207	-1.5057153964229544	-1.8667642823606765	-0.38345003691842106	-2.257645312021763	-3.009844522417135	-1.7256860915140437	-2.5850794167014355	-2.8484274859870333	-2.722668491792511	-1.6503958614975787	-0.05218095406250804	0.1475107121910324	-1.162874046396538	-1.2153666760669375	0.15355578584138868	-0.9026408015572057	0.9006906021119805	0.35098854993280043	0.8640086156779877	1.249625814974612	-0.33566085956593544	0.39283429560764727	-1.0447660534504142	-0.6171434499193839	-2.9760829405620672
h	-1.1435959758783811	-1.414895499772011	-1.777605929464779	-1.950193000569994	-1.892962446310822	-0.7855261474807324	1.0420673731415773	4.544557570488393	2.201226595342709	-0.9411703729178964	-3.424882526368947	-4.3419549597627585	-3.656598290167335	-2.621659869095193	-2.7676590352853747	-2.502946061662656	-2.8987428386534457	-2.545143648655731	-2.7224035399487803	-4.397807985692694	-1.6178788714410994	-4.490519374909809	-0.9698158850250372	-3.2427102004148596	-0.4770526005975346	-3.7994662407982736	-1.8637311368241427	-2.602952576979535	-2.9340131915907257	-1.500557138616099	-1.5602351839724462	-1.9059157236814137	-5.383806240529484	-2.0310395777365895	0.6015349773368591	-2.1708011270635015	-1.5697094976898651	-3.024211039975665	-2.581700118763833	-1.829432255349959	-2.09790162038921	-2.4538459705459106	-0.9557692098614625	-1.4999038495953372	-2.1562670294743924	-3.2179611367735856	-1.1123716885685375	-1.0523884746050465	-1.1815109705799218	-0.9004535384042882	-2.301027877410791	-0.2880988955908809	-0.5619741819608371	-0.018881627659872176	-1.1145660345650894	-3.586838534612939	-1.4322037712121636	-1.0845178483359998	-1.167167300053853	-0.26735319013302755	-1.3511335401817572	-3.279060799222889	-4.668689930233552	-1.7913013826257047	-3.4365699024602487	-4.021846066633209	-4.896087072438686	-3.791392964451377	2.526316400923494	-0.7051390303926219	-2.10533205515116	-2.741876665834117	-2.926305973743294	-3.456226421635173	-3.5591453118059393	-1.5803552435152275	-2.320465153477184	-0.8434506573539603	-0.7924717814367149	-0.5441282697334485	-1.2154854844956346	-0.8941698510818491	-3.416760463421567
i	-0.6683083655192612	-0.7623736846512862	-1.6345859433017638	-1.9456528717874921	-1.3239805048104045	-0.5936708111584301	0.5408124234100682	2.201226595342709	5.505323337633837	2.0138694852637635	-3.168330264961702	-3.0970205711202246	-2.938296417537841	-2.2435025578616044	-1.3865857375048496	-1.714675587129368	-2.16578783679983	-2.1407444978151386	-2.8225501993178446	-4.153400424274623	-0.9590393290056717	-3.540582547553106	-1.6979509627809724	-2.397603346278584	-2.7309461146969163	-2.0782123144845874	-1.3078953051552704	-2.353587981300877	-3.191611858365812	-1.3579958163412036	-1.966815057966657	-2.954563795631667	-1.9589735340382004	0.8561983442495702	-1.748581790571038	-2.52625271844423	-1.1276448911674666	-1.7292887922236564	-1.8811227603438478	-0.9985237174166597	-0.55410271039811	-1.5679143986736197	-1.104596355025833	-1.319426317322729	-0.6220357704248592	-5.345868199484083	-1.0495958610157747	-0.9478914702578631	-1.1759105610306662	-0.3274811190186062	-1.791371688840925	-0.41004743676424693	-1.251925748275593	-0.4453157711126919	1.0819217136060162	-1.9908886176152445	-1.0756910233248131	-0.35080430323538825	-2.064314569958195	-1.056852268604842	-1.2679301819615905	-1.6273148231135965	-2.9532183565138723	-2.5676829052356998	-1.5690952352955192	-0.8324433045811168	-0.44364990455280046	-5.0938432987289595	-0.621159273377748	-0.15650317419201412	-1.0574151090165487	-0.9754319189006323	-0.9825957207514792	-2.010984755153491	-0.8095071349350681	1.3944534677608238	0.016494796988766356	-0.724437223193266	-0.6410103375050246	-0.07828076968315364	-0.3955809314577317	-0.049514731067759374	-2.574818621904531
=	-2.222732990457728	-2.057581526752085	-2.6475922029692787	-3.1993748056452396	-3.145452382079766	-2.046706395872335	-1.2468416559456654	-0.9411703729178964	2.0138694852637635	4.13464494430179	-5.117851566487305	-4.938719129575913	-4.016559329536251	-3.4071980364043184	-4.816918558523811	-3.9358234670456698	-3.2311936912511934	-4.56410479278492	-5.559319884543069	-6.425328258342008	-1.5031245828144888	-4.405235463403717	-4.315336788656107	-1.759467688118366	-4.543822904771785	-3.6049680200306993	-2.2547729344983294	-3.1544945387004057	-4.6138843507078	-2.5861166961662096	-3.2059179391673935	-3.775963513528395	-7.193751527292082	-3.4532394142739373	-3.193464070902084	-4.607378882624584	-2.084534212192059	-3.688850098342938	-3.41741184412268	-2.8244961651032114	-2.491706156667591	-2.6450929652013557	-3.681655505123244	-4.1381087290788034	-3.817783072239083	-6.438627187865537	-1.8996509489592903	-2.425632346351805	-2.6819500541854	-2.1874546431044384	-3.4652254239894904	-2.223536394303169	-4.165950097772553	-2.08303027658026	-1.6264202760763955	-1.3931437592045885	-2.1800899272621406	-2.076742823164419	-2.413433510764147	-1.845974310956422	-0.827056609864329	-4.307947907636109	-4.756470727700341	-4.6160477742587	-6.202422605039676	-6.787698769212636	-5.661939775018112	-7.727170668473115	-3.2544866431219037	-1.8958558362129367	-2.4196075741557936	-1.8392725521776274	-4.1184234310248184	-4.098343755792355	-4.909960515106522	-4.288722451433894	-2.1720477300824936	-1.7348342420172453	-1.7819234243782822	-1.521485077506586	-1.0690117176344112	-0.7135085351249967	-4.727003490919426
l	-0.9867134939038256	-1.229729833241612	-2.0789962872415604	-2.201587011629057	-3.42302788033668	-2.3878464801418064	-3.0495768394676186	-3.424882526368947	-3.168330264961702	-5.117851566487305	6.465383360173255	1.1544690778434001	2.2860554530783292	0.22544721322855396	0.701158835202152	0.15050047500570723	0.018234747470826394	0.7532958522065799	-2.1930573356910688	-1.3825806806870025	-0.7270141503387041	-0.7811995353745415	-1.282388651338612	1.112315143523742	-4.50244769360472	-0.25192054314958656	-0.3647508809433205	-1.1997872965705971	-3.052380775370703	0.46251842921181424	-2.562880748777136	-3.368586353630376	-6.279174069680389	-2.2042429175916856	-0.8858683427733453	-1.9187827410296479	-0.8920931463356052	-1.0423888969750783	-0.6243220809675631	-0.25725662034145347	-1.1373376518740925	3.147336567827465	-1.16740904797537	0.4843844344569038	-0.9796362778722417	-0.7957040155428675	-1.904186203091542	-1.318654854541981	-1.7452562456149876	-1.3778038442147427	-2.698610217998112	-2.9964418658451004	-4.041723969165569	-1.49635630319432	-2.859567941682347	-4.75618339791547	1.2010435834202307	-1.167405636964711	-1.0979200838253018	1.440207860783736	-0.7876621811314145	-2.1943525370617776	-0.9395181556026231	-0.6210969001829869	-1.4298641523004108	-1.4301778157522147	-2.889381322278848	-1.369649715012695	-0.06689069110379535	-2.040604595027529	-1.4051713671792987	-1.5957678590088624	-1.123472556949106	-1.2676823484895219	-2.1804707842591435	-2.1942359038072663	-0.25931161929496893	-2.274866019586007	-0.23651789422176017	-1.3153836566364046	-0.5225025315785321	-1.793748394760358	-2.9543709987641233
m	-1.3462524019599469	-1.545149673243291	-2.433333101660975	-2.9233715912157168	-3.3064425821524095	-2.487170079226766	-3.037231745648462	-4.3419549597627585	-3.0970205711202246	-4.938719129575913	1.1544690778434001	4.280829484752677	0.4591591205174361	0.13446693970476073	-0.9993573737027098	-0.7404201287572445	-1.1406282964433963	-0.5864151899104907	-1.677465586661564	-2.26736098478227	-1.6306079147228827	-2.019217775770385	-1.804430062784345	-0.2600573431639872	-3.4995265358963814	-1.5138030679892158	-1.3126579328303902	-1.0376844390669933	-1.6472799944089362	-0.7451518474979134	-1.4760432064553088	-3.1587598547429026	-6.172701942088915	0.13291788784871555	-2.0505973647719964	-2.1462516479282487	-1.770582477780239	-3.20837177579485	-1.7585548468327596	-1.2015285034005054	-1.6373189796566736	-0.5683142465137448	-2.010499371307368	-0.37930152530764377	-1.665009408442906	-1.7937574793465163	-0.027032138895571423	-1.433882987867394	-1.288841646966555	-1.2195164668804646	-2.571606285064228	-1.5574929096956645	-4.478647364138175	-2.292220916384702	-1.9262985177433858	-4.466539757284688	0.3647608306425418	0.931911891753797	0.46285582350573207	0.08252383907415096	-0.49733680387010587	-0.6663575517223221	-3.3912116002338055	-2.2507886467921643	-3.422125978294296	-1.638168332801537	-3.4666056489938892	-1.7504768289242332	-0.39618750437525163	0.17205906316347386	0.20982238696295769	0.8644825196947585	-0.3169925911900952	-0.7686536420294079	-0.4644673283401307	-1.1218447714588988	0.5118643602385426	-1.5583591432443387	-0.5860613221209429	-1.513008764840111	-1.617666183025896	-1.5289657856844778	-3.7652638070911655
n	-0.6159089463540762	-1.0337734791003723	-1.9677728094719171	-1.9290488205385026	-2.3570139284355305	-1.9262346894011337	-2.852117064846805	-3.656598290167335	-2.938296417537841	-4.016559329536251	2.2860554530783292	0.4591591205174361	5.507558481671296	2.0353944558024364	0.6016761934689151	0.8519355196518129	0.8263763661620358	-0.0005235909860114289	-1.3989756364883887	-0.6905375365737013	-2.222257832846081	-0.5954311969239358	2.168170798990916	1.6251582558092188	-3.1006371648054993	0.17920095674903802	-1.0691597442306722	-1.2301696292141215	-2.8169593718388346	-1.1483735256291203	-0.33782807959411665	-0.37062052755167063	-3.717571645475057	-2.2403702901813873	-2.455071474419235	-0.5291061834714356	-1.5561267721652903	-2.0802254381017113	-1.313482289706966	-1.2821128805961353	-0.266830930774502	0.25345030696012355	0.5965260089261761	0.16140173389346582	-1.5318642930382957	-1.0387566022936945	-0.4696413774295813	-1.1014912400824999	-1.0164036478688872	-0.544522668904145	-1.9589142836716933	-1.0007982136728368	-4.003744781097395	-2.3453981231835264	-1.3600586845573115	-3.160132227445064	0.5812022563066311	1.1085989403206855	0.8827585806632804	1.7477975882094487	-0.2781679446321285	-1.4080180952036672	-2.9269302431592967	-1.2015447889964992	-1.0509540256112686	-0.9581582846715913	0.9224882116864003	-1.810167342681732	-3.009908659302016	0.28316397746915173	0.7386304503502996	0.7355412342195579	0.8943388775719959	-0.22980913963544675	-0.47439591431649214	0.6441058415191724	-0.37225458893550195	-1.9432616076752218	-0.454487280078225	-0.4730357065500793	-0.8955870684837405	-1.8485859173461086	-3.1187051609412326
o	-0.7602949318339085	-0.9030865278752365	-1.308378940541395	-1.6431439088809314	-2.043608960044645	-1.775413699829842	-2.158919262711098	-2.621659869095193	-2.2435025578616044	-3.4071980364043184	0.22544721322855396	0.13446693970476073	2.0353944558024364	5.3397686365467525	0.34004881803914794	0.652945568150203	0.3641497377074785	1.7061102483219728	-0.9851359256261981	-1.6570063986899708	-2.08011552584999	-0.058595945789479555	0.9951298294013711	0.3462307463683938	-3.3658510383281577	0.13003189091250447	-1.7094364668934388	-1.5872460512186906	-1.8913161024561664	-0.03152954345011847	-0.5694207775646553	-1.102853587884295	-4.69610422157816	-1.4841626905198801	-2.279009359181108	-3.141078478456635	-0.5952878475968849	-1.694454914670913	-0.7556525101591127	-0.3797001479512757	-0.492686481582155	0.1205311241068261	-1.2175293785615373	-0.9231366193503764	-1.1788303708647871	-0.5849820240449523	-0.04678450245800843	-0.4736529406450579	-1.0317188644099542	-0.7180786559375446	-1.2124129073534793	-1.1809077582642875	-4.260372285193643	-1.8262885331194416	-1.6158117404859407	-3.3495742719880988	0.41332917029333976	0.5594128459324782	1.1586124161369746	1.8748858689932935	0.9604823432173089	0.5972600158630551	-2.3793092653092067	-0.29333409588994164	-0.9951861440908535	-1.0779619677346304	-0.8697408133481346	-2.1980061126369312	-3.217175183615394	0.6164658345184758	0.6907449090332196	1.9616700425643272	0.5948450614234396	0.1350055454755985	1.6006985718775886	-1.1428865351492152	-0.1872036904701201	-0.2865896815646289	-0.8398352085291723	-0.20913105028352114	-1.911869649224644	-0.3579342570465761	-3.151821158550253
p	-0.43656185726068986	-1.2830244862142817	-2.1086672551100842	-2.451571503756773	-2.9707391879803366	-1.7295707182831845	-2.6044195582040377	-2.7676590352853747	-1.3865857375048496	-4.816918558523811	0.701158835202152	-0.9993573737027098	0.6016761934689151	0.34004881803914794	5.633708234486389	0.20228996578307043	1.946244453372218	-0.5861613137552947	0.2899111657456928	-0.07342853820946907	-1.6154082039779334	-1.4980219055489645	-0.9299054731894113	-1.7617935923683263	0.8211537547716379	-1.9224059390262604	-2.1296524914425747	-2.237211022609476	-2.8743159095537782	-0.9496292011109227	-0.8481777152355905	-0.18732270809099255	-6.07507971576012	0.46391238063693446	2.0558072208722424	-3.648184616352455	-1.6064961198373293	-2.0020056221070073	-0.6527934477688354	0.7166019313161353	0.7896642552248886	0.3004434729238373	1.9511439683102052	2.1782257681234487	1.4627234084882839	-2.3023068724925033	-1.1948905102652416	-1.7538673626589463	-1.5631881980247178	-0.6301088127135329	-3.295123717342444	-1.7622049644772153	-4.732108693892935	-2.611571318604917	-2.3042567000719463	-3.938794700399361	-0.1775552824709537	-0.2653127358523613	0.8544882968297168	0.29869898648552995	-0.04440626706268869	0.37919828182843984	-2.7653183513456923	2.8432534378343552	-3.5331983235723885	-1.0310116464950092	-1.6707873986634634	-2.736018292118467	-1.5852623616546173	-1.6618761731626421	-0.7930114745878951	-0.8525119449401364	-0.5263670100799919	-1.6531597485429983	0.011650927995049782	-1.736855120604766	-0.44510795075891996	1.066347190693333	-0.7903486515805958	-1.6041070898479797	-2.501703024607029	0.045727603831125105	-3.6897568420527205
q	-0.3790166747793193	-0.6446679004016977	-1.256908920110078	-1.7947862000630475	-1.6862467214620076	-1.3620231696432767	-1.6075793603580346	-2.502946061662656	-1.714675587129368	-3.9358234670456698	0.15050047500570723	-0.7404201287572445	0.8519355196518129	0.652945568150203	0.20228996578307043	5.868128884964957	1.9054111559804927	1.442215675706845	-0.9947753347094197	-0.27134624359042253	-0.7535342462545425	1.2383733670473953	1.0894409383899626	-1.0191707739236193	-1.213678226546643	0.1913708331798337	-1.4861737985893635	-0.7306280782082494	-1.500248678777535	-1.1479664499726978	-0.4455062778127277	0.29747115082190695	-2.6725007642937446	1.7081482555010623	0.3399074982946096	-0.41704994831835906	-1.228410692501577	-1.8281673984606188	-1.4103166647869794	-0.5952402811110338	-0.13919152552901434	-0.41945751582094926	0.06164788397894357	0.5428915511692345	0.6350743465798214	-2.2533364063038137	-0.25830293710857144	-0.18975953319965408	-0.08434295699751879	-0.10718176485723657	-1.4562945587840728	-0.23459776752119904	-3.9911945747808812	-1.1396839211938643	-0.640752558758217	-2.6230362796878746	0.9012972406053061	0.9330769983034296	2.3375454172036174	2.262140695037835	2.009108770621878	-0.67556633260825	-1.079695033314028	3.8139953266229196	-1.9850785292906599	-0.5703546934636201	-3.4445956992690974	2.2910733071962044	-2.622105068094045	1.1474056126201098	1.1991798397114612	1.3164803101643665	1.440254138784152	1.7397473958177905	2.525982408820495	1.8682008386298148	-0.07756040211901233	2.18726684698764	-0.130916015971599	-0.22109528071078716	-1.4998365485333143	-0.8503900776145645	-1.988130197899068
r	0.7678014897886132	-0.5261938490751068	-1.3781777421146915	-2.5357089841491014	-2.10182688234364	-1.4867752455513417	-2.123927943633462	-2.8987428386534457	-2.16578783679983	-3.2311936912511934	0.018234747470826394	-1.1406282964433963	0.8263763661620358	0.3641497377074785	1.946244453372218	1.9054111559804927	7.375381577989502	4.543253118112102	2.309485859622362	-0.9619076992146626	2.6455573930732594	0.9337542480360981	2.463227947548601	-0.8254913350029034	-2.475263217904108	0.350366194240182	-1.1884974088856388	-2.467976497208414	-2.6536268289673566	0.1296021758167652	-1.6021027535519514	-1.6893871647678755	-3.685439130372501	0.5579456359418465	-3.080781830802099	-0.18454153684395713	-0.4314192967824805	-1.7549843205790792	-0.9795179611324283	-0.25942558337004973	-0.5784326967293035	-0.9939226541797158	-0.4699632591920937	0.0756596361354956	-0.25792147432581986	-3.7838804054821096	-0.1432564359923657	-1.7387646187969739	-1.0754460237459116	-0.6150697182782231	-1.19778531731386	-0.6366144010014771	-3.562652157267516	-1.87116510668297	-0.7644860684823757	-3.086956758884201	-1.2744080580816222	1.6585980141662646	1.3591934442889555	1.855882681151633	-0.6657185638202283	0.4865583724376205	-1.5145054706553898	1.3628830769524578	-2.2823854428820867	-2.8676616070550467	-1.7419026128605235	0.1928664936844732	-0.919411981685471	0.9408641629518657	-0.33054322316865603	-0.5262916615918114	-0.2597868135313729	2.386756349648685	-0.2700312721416688	1.464204724888437	5.02809735126783	0.48827198777638975	-0.8305448043011316	-1.5040469013251436	-1.3184782090654128	-0.3098662679387919	-2.460270517767203
s	2.3323589379581273	-0.6237493659005956	-1.4492486725926295	-1.839934422903144	-2.316477857373416	-1.7402971047470708	-2.1758656663292872	-2.545143648655731	-2.1407444978151386	-4.56410479278492	0.7532958522065799	-0.5864151899104907	-0.0005235909860114289	1.7061102483219728	-0.5861613137552947	1.442215675706845	4.543253118112102	7.675188860099405	0.9075237047384108	1.4682819491912351	3.3504372317473203	3.40288096582033	2.252438608258137	2.6849091934904528	1.6956168584352425	1.3815673270754787	0.5306560798784764	-2.167513021960732	-2.58397149512283	-0.9461106245364005	-1.6264789686115348	-0.25072050763778303	-3.217472119985792	0.6737470789305235	-1.4974754686404428	-0.26641299657893847	0.8246859986341002	-0.7749379942790943	-0.023780018820762455	-1.491882942297922	-1.0336004823822829	-1.9152053762751953	-1.3630949409734245	-0.5721532274598798	-1.933349380564332	-2.260650001779026	-0.9144828341499992	-1.2895285083922543	-0.8365143103543519	-1.373799856595015	-2.316565544749914	-1.6216290355003347	-2.517561753084438	-2.1953720835649237	-3.199076910847276	-3.9230508883615722	-1.1125654643582426	-0.04672174340861386	0.0511776190663832	2.0496866361415833	0.34385255304352597	2.235411295531015	-2.1238441864361293	-2.8903118286030067	-0.8917241586628262	-0.8920378221146302	-1.3512413286412635	3.2700283050869516	-0.5287506974662111	-0.8068580369847961	-0.5715754900155428	-0.7612348625910532	0.11510715482957064	1.120562214665004	-0.9862851918389204	1.3073782138052037	-3.4760591278208532	0.4790026651070146	-0.9982234973932645	-1.9902373863330187	-0.8289133192312582	-0.25864246121240697	-1.8174161677636038
t	-0.236906732181023	-0.2792732145095964	-2.1809108612575154	-2.6980641909279486	-2.99561620750897	-2.98165890893779	-2.8854320801940876	-2.7224035399487803	-2.8225501993178446	-5.559319884543069	-2.1930573356910688	-1.677465586661564	-1.3989756364883887	-0.9851359256261981	0.2899111657456928	-0.9947753347094197	2.309485859622362	0.9075237047384108	7.40731534515809	1.0262739125399214	2.921867239496681	1.775427843940503	0.5531918386144351	1.3151462645783776	1.500221502648941	1.06610737676989	0.1306945999683766	-1.9313213060057814	-2.6768607378345672	-2.152584250640795	-2.0587059844702633	-1.9344862904924758	-4.168759699666592	-0.49099962606321906	-3.344739983778015	-1.8047874169529332	-1.858212461435177	-1.962860982347481	-1.4287341045293875	-1.6094498637333274	-1.5984652668191301	-0.5815318972480377	-1.090065222393285	-0.8215161861687977	-1.6106888942595918	-4.020996946239385	-1.2892595778248284	-1.4930899129680304	-0.44777597263682284	-0.7737737470622615	-1.787254122371703	-0.5214795839532134	-3.4555031348414853	-2.53810094858455	-0.9880081156685211	-2.489757743031643	-2.374867478774659	0.38270024787882306	0.6360241165665964	0.7270841114573527	-3.12232179473854	-0.6639417307550114	-1.8336051778237668	-2.152613843019423	-2.7389886738003986	-3.3242648379733586	0.12342225110852684	-0.26373673723383895	-1.3760152126037832	1.3579301081266553	1.9683795499859662	1.505391588799359	2.4307042486117423	2.837043714338892	1.4994335764198656	2.3039944967503496	-0.7383611422372695	3.32599929318141	-2.657415664378265	0.7550910403749427	-1.8610047747853655	-0.5239849299488741	-2.6347807013938733
u	-1.1463420997287463	-0.18332624793143384	-1.787963972831548	-1.862316043697045	-1.9254748034270797	-2.2915600709390542	-2.8059372413549104	-4.397807985692694	-4.153400424274623	-6.425328258342008	-1.3825806806870025	-2.26736098478227	-0.6905375365737013	-1.6570063986899708	-0.07342853820946907	-0.27134624359042253	-0.9619076992146626	1.4682819491912351	1.0262739125399214	8.583387724780712	3.7331080129594953	2.031250693702015	1.6443698178081831	1.661637086275019	0.7737054661790502	0.4567535440469638	-0.41725530917397047	-1.4059596213839127	-3.7234465322409935	0.474873246135262	-2.223577886343311	-2.6226898024776273	-4.851017816451569	-0.5030681699564492	-1.6074592090492072	-3.67685330157224	-0.8568272307282938	-1.5376894994970798	-1.8235635947802957	-1.0420940904468317	0.3612079292461259	-1.3183854930280061	-0.02701428648272042	3.379872694406781	-0.6282956216942523	-0.6617430996343016	-2.1764696680038136	-3.2030454599062144	-2.881000877579494	-2.253476778568771	-3.5974059592461485	-2.5062497293793284	-6.477389589653382	-3.8117084899984777	-4.673633083551897	-5.260155031794191	-2.3812469507860654	-2.7909115035583834	-1.2634965409453698	-1.0187180005157819	-1.3179268241511952	-0.8986465798566071	-4.140718522453413	2.0585981200417978	-1.5866703997927467	-2.1719465639657067	-1.046187569771184	-0.7894903683388245	-0.2236969385961313	-2.43557057971463	-2.1145186377004137	-2.2635360257785777	-1.5026712257778896	-0.814435114297871	-1.5743162290523287	0.5364831194419847	-3.1710053689507736	-2.063940482577856	-2.7490229732567024	-2.6085623458600264	-2.90911359061737	-0.45198194811665127	-2.6634912387665213
v	-0.5397384047014255	0.24750948649681562	-0.30803754045302706	-0.39056790431080596	-2.0669077762912402	-1.1934293591419667	-0.37168248037557733	-1.6178788714410994	-0.9590393290056717	-1.5031245828144888	-0.7270141503387041	-1.6306079147228827	-2.222257832846081	-2.08011552584999	-1.6154082039779334	-0.7535342462545425	2.6455573930732594	3.3504372317473203	2.921867239496681	3.7331080129594953	9.407149726691163	6.840456566141499	5.833535238616964	3.9747311733679282	4.6780346510086455	3.1388325500880097	0.03585611303640514	0.4324101730878494	-1.807058121654671	-0.9533198668881285	1.1380779543232808	-1.1090777936710328	-2.671190260222124	0.3564351770882227	-0.25254494626167084	-0.7943097131294996	0.28767830248511683	0.9085384187667449	0.23835357509052732	0.6489180403642218	1.5432499065410126	1.8343142303607125	-0.0567638739305092	1.0822337619344364	-0.036342161605866743	-3.5204281397252073	-1.4769072338288316	-1.8254111206185948	-1.714045539064532	-1.3218236457682633	-3.98425827688864	-1.9994367309927052	-6.009119158728089	-3.6646870788522743	-3.590020842581754	-5.192728218564988	-1.5875270227867355	-0.12787494540851568	-1.3186017026700525	-1.6086621835357846	-2.644836601337404	-0.14463636165924817	-0.00819668100232393	-0.45273622828183857	0.5458514416583414	-0.039424722514618274	1.0863342716799045	1.3430314731122637	1.908824902854957	-1.1961335343470296	-1.1519217976916374	-1.4529422792148519	0.044888114952042396	1.267460654083249	-1.2491493096588444	1.7814796901514858	-1.0384835274996853	-2.2533467360141297	-1.3619283047200164	-1.874589880899213	0.7469702068907309	1.0569872795198907	-0.5054647816762691
w	0.11106282522671279	0.15418396378611623	-0.7222884821048707	-1.2874141412628952	-2.4384422979580593	-1.135298962934648	-1.8685107352737627	-4.490519374909809	-3.540582547553106	-4.405235463403717	-0.7811995353745415	-2.019217775770385	-0.5954311969239358	-0.058595945789479555	-1.4980219055489645	1.2383733670473953	0.9337542480360981	3.40288096582033	1.775427843940503	2.031250693702015	6.840456566141499	10.157877806634955	5.784756846464186	-1.459216053257237	3.1526982137299995	2.971206290925504	-0.004498887297797269	0.13235412339928032	-0.4836911087218276	-0.09817039109330367	0.47407257558387383	1.154935413782435	-0.5351594138466111	2.5018038880430717	1.3485032484693678	1.029130902937987	0.29511910520663864	-0.6901688536078021	-0.7798849916404579	0.1548764665755384	1.5571211794854534	1.8276798478705116	1.8006240740603152	1.1232658130745499	0.78709845446162	-2.0089315299724606	-0.16803979059110324	-0.4994701640219246	0.505595934268943	-0.22657841423925043	-2.129108801093815	-1.343106100760477	-4.658930655884742	-2.9615406965024995	-2.8172062995842357	-4.558765401361215	1.006431747157984	1.3874433752966393	1.192894907082694	0.35228195628163717	2.500532109617445	2.5268011609631884	-1.1847560649348372	1.9556668885068038	1.3692920577258283	0.7840158935528683	1.9097748877473912	4.2368614170711485	2.7322655189224436	0.7895785106193345	-0.06544677579035699	1.32469464723951	2.077782096648479	2.5689485669553798	1.1592538071297982	3.1898828069401284	1.3699195892889575	2.855496098915605	-0.2683985252847856	-0.8101411653279315	1.7543849842047703	-0.25278532749841365	0.009187975616820642
x	0.1285016328209051	0.9542236718337821	-0.07815845287767868	-0.7058284092311012	-0.268066721658107	-0.7199701588906064	-1.1450923088290095	-0.9698158850250372	-1.6979509627809724	-4.315336788656107	-1.282388651338612	-1.804430062784345	2.168170798990916	0.9951298294013711	-0.9299054731894113	1.0894409383899626	2.463227947548601	2.252438608258137	0.5531918386144351	1.6443698178081831	5.833535238616964	5.784756846464186	8.495397821927861	6.606451869416771	2.7585183172527215	3.458121467353992	-0.9653283084787764	0.6478209649179044	-0.6744181208961247	1.1843733615967031	1.3991663205479803	1.8581639418891525	-0.6962799639355848	2.9485067964840663	0.19113483324150166	2.0021591249657957	-0.39494450112541063	0.8712954148820764	0.22508699934599655	1.0195343576776708	1.8240680771244415	1.7227788525367809	1.9718784062938193	-0.24499938465193483	0.8927644450675473	-1.830509196931219	0.6538332340142332	0.026527625532359718	0.7632650183199206	0.1626202925170289	-1.0195277604845043	-0.8035435836243896	-5.470802505086842	-3.5214556668260126	-2.612004635427394	-6.285989424920029	0.061471664693943516	1.8556794452872751	1.4405799025610493	0.9985163282502674	2.28427000533601	2.1629818682678956	-1.0790900743289098	0.4763703783915756	1.4749580483317557	0.8896818841587957	2.015440878353319	4.75756490695592	4.422894010249527	0.46993866649259086	0.7031842275379998	-0.7164807504838335	1.7813496436830607	2.9438011903766967	2.434844799178038	3.4330523212959907	-0.10937692082627089	1.9236873841028694	-0.35035953785462937	-0.9454832742257987	-1.0667981708973437	-0.1838311152490075	0.08764508095951547
y	-1.873713520697138	-0.7828900865053973	-0.3320902558559887	-0.6990918082564351	-1.390528215891707	-1.3279994693256862	-1.402360272261247	-3.2427102004148596	-2.397603346278584	-1.759467688118366	1.112315143523742	-0.2600573431639872	1.6251582558092188	0.3462307463683938	-1.7617935923683263	-1.0191707739236193	-0.8254913350029034	2.6849091934904528	1.3151462645783776	1.661637086275019	3.9747311733679282	-1.459216053257237	6.606451869416771	10.352288078229856	5.822182057989159	6.194558908664046	-1.4416164315726159	-1.453812765033105	-1.7609111118419287	-0.40193754882496396	0.09183135982912842	-0.6101628955020041	-4.904079251103522	-1.5072200041274566	-1.3385925488137982	0.8874692421893399	0.061074133139047734	2.0432864526167362	0.8021196176095242	0.9372659525935924	0.500791572536568	0.19305147048148108	0.07958094485381119	2.284166922346334	-1.7744664607376874	-2.2141583194985746	0.5074344915104391	-0.8817113797766698	0.8567701539134941	0.07535467065658015	-2.27907062274644	-1.4201484163596563	-5.312473893456882	-3.339308435677937	-2.1417320174826937	-2.939199860410329	-0.4942509258943008	-1.1070073440441308	0.402705616835424	0.598071963139934	-0.9235292818319274	-0.7452571370411342	3.8005734797534925	1.268571091223638	2.2671587611638184	4.003810691878221	2.8076415911853814	0.7424106977303783	3.6301322223604338	0.9402112844372911	3.673722181628575	1.7277966589279223	2.466635152598611	1.8818527696722138	-1.5278419901533677	1.1808589147696003	0.6828237920057916	2.275315505548951	-1.5581588250225666	-0.9122744618899414	-2.2962925291646004	1.0140813045898058	-0.047042539462695425
