	a	b	c	d	e	f	g	h	i	=	l	m	n	o	p	q	r	s	t	u	v	w	x	y	z	^	!	""""	#	$	%	&	'	(	)	+	2	3	4	5	6	7	8	9	0	>	A	B	C	D	E	F	G	H	I	J	K	L	M	N	O	P	Q	R	S	T	U	V	W	Y	Z	~	?	_	|	/	\	@	{	}	[	]	:
a	144.76761586678768	2.3325199535057606	0.979911881731983	0.6849477546326258	0.6430192769683418	0.5379203683362376	0.37994029704508686	0.4526299718941025	0.6292440760559569	0.21423513500032215	0.5046260211042417	0.3933124059803861	0.6525186553319279	0.5903756271977105	0.738893397726924	0.7689615278677827	1.7026731170179004	5.036281549062671	0.8485627580943041	0.45176922468706443	0.6878956297793024	1.0800235907352185	1.0931577698605903	0.2728701483430295	2.9352927997688774	0.862570588022473	1.2634202179278946	1.7758389122826281	0.9049659358229218	1.9808752119133382	1.627095948926983	1.7860919337801013	0.5312037830446565	1.239448941857149	1.4926355692319462	0.8664553761052597	1.208825412045969	1.5140395101323474	1.7356192767925167	1.6641892143488906	1.3324085673823123	1.3069603127611273	1.2157022667463457	2.41075209212261	1.3388218565055312	0.26756630919335855	2.0749136752001234	0.8136459720417493	0.7430495805827515	0.7590371370371809	0.3107516345479815	0.5068421741244339	0.13770858381995094	0.3742824511153458	0.43817049655107077	0.09047713896622003	0.8673277753188251	1.2793540251874191	0.7688937527609712	0.9251401271479975	0.6103330003641196	0.7806882224122569	2.6403816331279972	0.8488384085320728	0.4845759100426316	0.6459607566046558	0.35239794596553803	1.6840962822383907	0.623200394375297	0.9140473077489175	0.6423172784126491	1.4928329022624176	0.6420341131877683	1.5838818782286657	0.7505700318177605	2.0825040521106346	0.6463823102852765	0.48732337666158887	0.5469485386583922	0.6994595751588798	0.4962024877848897	1.3005187220254943	0.55795557685329
b	2.3325199535057606	25.822980744295595	1.4887763150404347	0.8524626387826103	0.6785895520204154	0.6618694317871674	0.6618704327342496	0.37503691177569554	0.5895255783442166	0.24021838448157753	0.4263972878354082	0.3426601499225558	0.48843094813856724	0.5347414710307704	0.4109331190051667	0.6396400149227753	0.6943842600202716	0.6489821189516002	0.8240060216734495	0.8806701987562131	1.1871559667329814	1.112792008075819	1.9375367460236503	0.5812013316100368	0.744441230330449	1.0779851788007544	0.849182116387568	0.8663130664543385	0.7801378822738239	1.9009977669422358	4.958034442770973	1.5357653219892855	0.33892895334698775	1.8950713299790194	4.274741933996708	1.0548673203714243	1.0050812286598343	0.8495381893494699	0.9979459371270478	2.145949862273612	5.6939136241835175	1.4362215497126216	2.0211254231018962	1.2434531062840464	3.64791986235501	1.022118271954095	1.8452231675273731	1.3299030309635174	0.9032075726129681	1.0466295633247207	0.8652324635440678	0.7845064874808485	0.1922806574892113	0.3699537668056976	0.4754565573179848	0.11089477179053682	0.9370927518410379	1.4021996961423444	1.2761196961403927	0.958374649263623	0.7723513882624768	0.9845620907610085	0.4179922662790629	0.8041708214713702	0.848016403877099	0.624718354462596	0.1947481994123029	1.3029718569612065	0.4592049265784501	0.8971732670869117	0.902555299936338	2.187423112767853	1.4093917447793265	0.8516548995582511	1.652740660131454	0.7830114112878793	1.399091625333429	1.8787788275746613	1.1317411093513166	0.8068228550689994	0.7394900480703153	0.9899089205397036	0.5520816100956394
c	0.979911881731983	1.4887763150404347	10.730474444634181	1.288084899493753	0.5957313552044878	0.5596947605906932	0.3397242290898742	0.2916670000819555	0.32206282686499066	0.1595861989003883	0.23667901689901516	0.1851372237657167	0.2556473879320041	0.4037743188795058	0.23186110716225597	0.4184395373360146	0.3847044059814886	0.3662120904404933	0.22053646700361018	0.2895804328986535	0.8077397590920798	0.6061351942806885	0.9472660255541338	0.7943847013642513	0.74212405618038	0.8455744319193511	0.5816004360079727	0.5287690473556045	0.5171494736923976	1.1260539474981304	0.6221913800857909	0.5868313590178301	0.1831876278801566	0.9319522846218364	0.8962796440472489	0.5899110992777913	0.6804904498759181	0.4643109488875516	0.6638725130145733	0.8302029827219084	1.071150373004115	0.8279603897491361	0.906385604074568	1.5236080314444287	1.3242330863162985	0.3894068832678772	0.958042163400298	0.8817332856132535	0.8537018615940296	0.9078035138006117	0.812830779832179	0.5641379567842981	0.1260937257069999	0.32320493024014585	0.39549001962106123	0.09289297573188508	0.5378117280569659	0.7141935122877112	0.5535528541250956	0.812902342750152	0.3688459475190408	1.1222332597113196	0.958292425740274	0.329612095631235	0.22451562197973512	0.3391942970674712	0.43539841681838576	0.8895216306602237	0.03849915531263242	0.6388191254583239	0.5329133737668016	1.2077809066842529	0.6762479613769267	2.118249260425987	1.0459669941885934	0.5375097121912699	1.6771126487462515	0.49565971215395943	0.6684976808993971	0.669376563525589	0.4814428694502721	0.8194200606269957	0.6344050404025804
d	0.6849477546326258	0.8524626387826103	1.288084899493753	7.7152613908203405	0.8703053451072325	0.501299032737556	0.3712864099229885	0.2587816094099686	0.25959727206597194	0.10886598745252198	0.21739836394657544	0.13181883302608355	0.26260224943984	0.3201580279650732	0.1828114699981271	0.2882142954016716	0.1724548987732304	0.2793344812609582	0.1540996840559682	0.2750343953875443	0.7628292642892013	0.40968468250465795	0.613090345219913	0.6159598378648269	0.7052279941127164	0.7274980927540796	0.31888561867752724	0.36348664045445667	0.25706092259445196	0.5310011400540334	0.47196379814968276	0.23486941764780947	0.09222449833986844	1.4539274215904539	0.8102727295799469	0.5226995333146854	0.539199230761409	0.34186871164199556	0.42054749375680833	0.9629919641272172	0.6483633960052189	0.8125446452305086	0.7622915307927418	0.9858047016780159	0.8099242801532708	0.14027909562524596	0.5965477316624391	0.6906979109832766	0.7045791445985694	1.1633372658786987	0.4238274286606601	0.47577532952267104	0.11511431498192626	0.2764864947283389	0.3356593279669961	0.06933625901650747	0.4896873137702947	0.5179587247517454	0.4417424384004901	0.8089757151099397	0.3577005002212332	0.5417239097792231	0.8971477400132228	0.4200841896602693	0.34903509370118135	0.18832719621007218	0.08460955070270572	0.3234766409091882	0.08550188536975245	0.6624014094164535	0.4859666483429014	0.5868902441613847	0.6742236625338096	0.6734513463714229	0.9483440470617751	0.810179616116522	0.7066878691807145	0.6059171376174748	0.7247379690811651	0.6040118344586016	0.482659521401928	0.7039872932615505	0.33909478521913483
e	0.6430192769683418	0.6785895520204154	0.5957313552044878	0.8703053451072325	6.081062268888204	1.1751454071418748	0.4497283255811197	0.2692536026912658	0.3994313557182762	0.11301197977013439	0.09323219992206365	0.10107915527391192	0.1951947386437708	0.24255621311156306	0.12756114096715143	0.310734272682168	0.23296306028801025	0.20075699234210606	0.1253804043338239	0.26325360568974926	0.2386705099650596	0.18448273376916946	0.8304316174601384	0.38142512497334335	0.6263598310149961	0.8237717290439215	0.40785579829306384	0.3669107250741266	0.445575023332658	0.7415305936507577	0.8699139689065332	0.19664529363360006	0.05800124806723639	0.4373228237771579	1.1648896479273925	1.2645905744376782	0.7423917781574741	0.6110093335019504	0.6808376974041114	1.8045842869195132	1.4593045460772667	1.8499219412100791	2.195374856808115	2.1972913678690933	2.003848221448169	0.14898970430657094	0.8375465323741961	0.5868956817910831	0.4817359964237685	0.7640132973176361	0.7887770457034771	0.49374874037912053	0.07036179200237493	0.2909090172918873	0.2802424939232433	0.06043611454845964	0.3297947691087244	0.623248867575275	0.6670922113572991	0.5325049864981607	0.463724602548278	1.6911698885659794	0.09421564341114179	1.441819708672279	1.449430276446812	0.08418096498223385	0.08747457281067039	0.11077997248582337	0.1237559728086531	0.5474492860157532	0.8437357497468849	0.3321881480060404	0.3676134609880041	0.5709700268337455	1.1018375954934059	0.5155168157642183	0.7902129801723722	0.7586337976089985	0.3710970704131037	0.8510665903657306	0.3806421591701647	0.7770737389998713	0.2163628167353138
f	0.5379203683362376	0.6618694317871674	0.5596947605906932	0.501299032737556	1.1751454071418748	13.599996645579122	1.5910460670282027	0.5801403427910434	0.6626546933811931	0.24203600867110367	0.1910673958502891	0.17835578562304616	0.26311498315093845	0.29211053601030873	0.3015416689303177	0.3890363403144512	0.3568092086615819	0.29930803111433024	0.12659927878089366	0.20425452275514192	0.4372622298771926	0.4552405696502111	0.6071099997013867	0.3983201946590343	0.4641465382943778	0.5358354116318937	0.39405348262413886	0.34635448881871933	0.32268838053711657	0.6248042577326448	0.7812701036367256	0.26412444443525346	0.055851312427312436	0.5032482530383678	1.0802254371751994	0.767272366259782	0.5256924676998745	0.2828847615992085	0.40232470996010994	1.0122451589240244	0.7698139569752405	0.750894784497784	1.0872625597630408	0.9408849312780071	1.0463452892893828	0.11513649330142191	0.5158393517493444	0.6096986648171292	0.6405748036787793	0.7759429594128153	0.3714317341642571	0.7674432665821284	0.2321898356069553	0.5424449823342924	0.3968664796674203	0.1108120805677385	0.46141590817374367	0.6487643773853393	0.5924452330662558	0.7482949449022523	1.2744705513796717	1.8233662369155779	0.13842828337140659	0.3430546939965893	0.20722545639724796	0.07437245393307251	0.2782162819941449	1.0581280245101126	0.6560178103396613	0.8471273782866897	0.6348653071699843	0.5274709765253746	1.1538616395440862	0.5961306677419046	0.7579396525776865	0.3378340567071764	2.2432612507361993	1.2973496870825028	0.6684604064775453	0.7739194864617049	0.5022299845170336	0.7773767844326962	0.1928178466166265
g	0.37994029704508686	0.6618704327342496	0.3397242290898742	0.3712864099229885	0.4497283255811197	1.5910460670282027	16.651571748582928	2.0591763271339922	1.4547915219853544	0.4213696599503504	0.12077746146351796	0.1218153846163964	0.13849280528213448	0.22392394858863413	0.16443398870773726	0.3281484763715432	0.22942142889805306	0.22130904693595582	0.13533134353719284	0.1429975920502697	0.7728806325538662	0.2738559754041137	0.4521607569798974	0.3783097142997579	0.14698656797164616	0.3431007462164617	0.2853642984959418	0.23611464893554923	0.23758404320363163	0.2824910029435612	0.3182246811078359	0.16348890685270434	0.01871697188910055	0.8373076006933275	0.313137698973968	0.3324561179631287	0.3882615398641214	0.14222502980577592	0.28969376450517986	0.5096371246620643	0.6569919555617949	0.35513468015774313	0.42397835318095556	0.5712323901989079	0.46044157205582825	0.04583738831093997	0.6802733458322261	0.8075178721558406	0.9116452768379556	0.9885586008180557	0.40854511317692493	1.7188524246782302	1.719260038019588	1.2714851868109662	0.5888819016415543	0.10798934427440178	0.42452896225740644	0.7574251290603923	0.3521555203587989	0.2741876921965641	0.7666021572614864	0.20911300429473945	0.1241499407048232	0.3023546995830432	0.16665316055025958	0.13884744300192822	0.1514938894233562	0.31855273706178044	0.9644772047449373	1.1076566241113486	0.4466219165261451	0.4306636082746741	1.1123075819062023	0.534906707039315	1.866959461991246	1.2754342690499723	1.820088517575852	2.37779743188767	0.792421066808753	1.31297031223317	0.4847235045632359	0.651960538726536	0.12708952757239955
h	0.4526299718941025	0.37503691177569554	0.2916670000819555	0.2587816094099686	0.2692536026912658	0.5801403427910434	2.0591763271339922	23.337167629891198	4.598701625536494	0.5208102065682071	0.09311242295670874	0.049310716985841226	0.0792965390326997	0.1624806848643141	0.14684244685850487	0.17641607600704612	0.13408847633186746	0.17133079042446606	0.15152171392551547	0.047438164978762874	0.32581414152143967	0.04448555078629044	0.5105712171697422	0.10564451713226132	0.7184438933618499	0.07182021386176198	0.27476475526439165	0.1646012757988967	0.13085008878557386	0.35341688203697535	0.33909579893972996	0.26684692215585204	0.02395040329316231	0.24467870018841895	1.5173300944269126	0.22208731119010353	0.33687622107200726	0.12291977701624954	0.1670439782578872	0.28137532919037034	0.23359776557135675	0.1825234874266496	0.5155666287852387	0.3535769544327795	0.22433598631299584	0.10747245582749947	0.4625330340228673	0.4821692410615607	0.44088950166115115	0.5357182916414963	0.20291847418258732	0.8189805554737076	0.6773746107277525	0.9869975251715013	0.4618300538390182	0.08322503979240571	0.37056440896190407	0.4715498345572805	0.44529480933753984	0.8308424358767453	0.3919839421487522	0.10301591914737483	0.03931735470438947	0.28891131603298886	0.09236115966173987	0.061560720765846615	0.03358388466827495	0.07222324415399142	5.760988591803847	0.6133833749277062	0.23239774011478126	0.1494902537826154	0.13155099140925564	0.0911112857281691	0.08483801571777119	0.3343995373398239	0.2002029096039605	0.5573089945157947	0.5773540585584993	0.6858056667371134	0.4306281438429124	0.5380567122783795	0.09363810422964117
i	0.6292440760559569	0.5895255783442166	0.32206282686499066	0.25959727206597194	0.3994313557182762	0.6626546933811931	1.4547915219853544	4.598701625536494	45.42212629052146	4.038639814587756	0.11123399980675079	0.11687023327613458	0.13046218328573486	0.21117302189244766	0.38246887768469157	0.30467106834039615	0.2228603954864598	0.22676273849869974	0.14136038709009835	0.05619554510479114	0.5143993308238252	0.08593665616192177	0.3082235577097483	0.1897795773343033	0.15062716526107103	0.2368076652411569	0.4039096990385634	0.19565881557858816	0.10945335950387267	0.39012387140203164	0.2558171590575339	0.12899939497772991	0.2572113954234706	1.8102617866302297	0.2975941783790841	0.17358898153833485	0.4576622204093301	0.3016006008314085	0.27147236324663027	0.5005119024205468	0.6810805271402004	0.337295646198344	0.4650325624171681	0.40069424179452473	0.6497534209317831	0.02458857265676047	0.48310347622198957	0.5183895459774029	0.44260432041500847	0.7969266681023123	0.2888972369894885	0.7525986273595722	0.4198873564153307	0.7344235514621543	2.116853917686851	0.25158387850353636	0.47444375655954313	0.7841468137586418	0.2390998997125194	0.48067968308163245	0.4152551074881462	0.3236901067544402	0.12911975429327074	0.16867488633544675	0.3370196848307068	0.5615773661363843	0.7352720733094973	0.029281975563674532	0.6501482930102431	0.8971970772826376	0.48049219149421696	0.508587560599696	0.5060683936719225	0.24810371535030432	0.570576749653115	2.6288894367137225	1.0114989322621841	0.6052330922232722	0.6412637064457083	0.9471857163832785	0.7601832112472869	0.9662612886146367	0.16784266298865547
=	0.21423513500032215	0.24021838448157753	0.1595861989003883	0.10886598745252198	0.11301197977013439	0.24203600867110367	0.4213696599503504	0.5208102065682071	4.038639814587756	17.565161599471033	0.02879871865905646	0.03260599081233684	0.061786723059774167	0.0942608148758982	0.03547831841959154	0.0653430013602166	0.10649121378217337	0.04227343650065673	0.02120693763716179	0.011635457448162231	0.3527884947591326	0.047194565007778425	0.050228959897987695	0.29535712331455266	0.04287192760568701	0.08218574428968214	0.2095297589213594	0.11230588710512877	0.040839687843222075	0.16653338210299606	0.10837335956615904	0.07299980834125654	0.006830696808975979	0.09130012120802103	0.10931292732941979	0.041024259905145515	0.23577224300249827	0.07754351276289069	0.09359583591593808	0.14116984298267626	0.17779588551101438	0.15986289599180206	0.07793118126857995	0.05679435179596214	0.07091412985868469	0.011528693295622183	0.2680082006982357	0.1861280833777255	0.15583054401336102	0.21953842200755502	0.09054473575801132	0.2141158655697047	0.05570883290582752	0.23601815162886286	0.3238908739341437	0.3807342442816187	0.22066199415780288	0.23704899420123374	0.18770857844915162	0.27816748323246443	0.5636780874924048	0.050486871531246494	0.03699641457834167	0.04077849172977591	0.01357953035097887	0.00905105218610896	0.01975087289188862	0.004719433241453323	0.10478567128213388	0.2687141435959878	0.18690698952402648	0.2794626620107579	0.05757461100783205	0.05838154675557798	0.033262478544749334	0.05116416596755917	0.22189549301163355	0.3004435297614729	0.2907954448692301	0.34832717189840273	0.476645401292838	0.6098352566065575	0.03775984123754596
l	0.5046260211042417	0.4263972878354082	0.23667901689901516	0.21739836394657544	0.09323219992206365	0.1910673958502891	0.12077746146351796	0.09311242295670874	0.11123399980675079	0.02879871865905646	88.36378796759682	2.2260238928935276	4.87720783864682	1.1691396076556329	1.6258101895948027	1.1099544516393283	1.0127195781527771	1.6856392961372464	0.21868749995924988	0.38353212233112616	0.6041529959717898	0.5818827829509067	0.4111142683038853	2.1619230047907547	0.04411925703234266	0.8397777426747787	0.7766029642505425	0.435339461095515	0.12054295356556463	1.3779451188994756	0.16923727322777013	0.09681763384289888	0.012875978920736919	0.21699851612517218	0.541161705255384	0.2644775662285863	0.5388317821989501	0.48552285120965205	0.6487245398634413	0.8366774048957227	0.45459771828763396	8.860183436200971	0.44522019892240655	1.3989888211499109	0.507107572175043	0.5760619943869907	0.26716701336014875	0.4009085652302821	0.29828095160535895	0.3848041213102941	0.15404137188631484	0.12530866931293683	0.06071833459869276	0.35444746002354294	0.1377793954806037	0.0370037835857708	2.299059148964581	0.4452212515722018	0.46718955206925034	2.713599597049615	0.5792820308530201	0.21849125803960454	0.5214069955882946	0.6501764020017983	0.3711658408967493	0.3710851526704674	0.1349613932862231	0.3869851966184878	0.9546933457965041	0.24306185476353934	0.37757329456019256	0.3308460914352632	0.4589877144032747	0.41532644824431886	0.22060374929655602	0.2185089224634092	0.8354864759928946	0.20663176815679016	0.8487914951944168	0.4018186253279003	0.696163204717751	0.2884216974680664	0.12901663517087703
m	0.3933124059803861	0.3426601499225558	0.1851372237657167	0.13181883302608355	0.10107915527391192	0.17835578562304616	0.1218153846163964	0.049310716985841226	0.11687023327613458	0.03260599081233684	2.2260238928935276	19.43829108103797	1.3747403127335085	1.0976871552548972	0.500222766913423	0.5985650181711323	0.45356200752081116	0.6659957195769878	0.3126313613280689	0.20770948674520878	0.3229520952465727	0.24669189535601996	0.28629411841098457	0.8350547276376701	0.08841735972385475	0.35018687847268826	0.40257851002528017	0.4871086679823749	0.31924147625120913	0.5966050739370962	0.35947336738658714	0.11197434601279438	0.013862180871038294	1.0965091781080138	0.24138411361781034	0.22589877494187882	0.29309038027677153	0.10818918724757005	0.2955440647564033	0.4348143613509889	0.3214532897258893	0.6744043530309793	0.24818720201420993	0.7688097165224987	0.31534229571661004	0.28841988129525326	0.9814372001483109	0.37013334355069843	0.4092795116508969	0.4294266205647301	0.16821680157024216	0.3397409650985182	0.0448531350035901	0.20416098270878802	0.26310334256078066	0.04523114233749783	1.2876681427488457	1.9078025842512714	1.3782674082083304	1.0588687977781956	0.7084132965676564	0.6300955161065076	0.0953111230108312	0.21010921656868564	0.09329050233382391	0.3212640972761097	0.09045815311685773	0.29720353299615965	0.7598636637240738	1.1266653526301618	1.1565457905028633	1.820686487983623	0.8027415111006702	0.5869649890500647	0.7247386157738118	0.4595058801781338	1.425891651126887	0.3395370365621469	0.6661590966817954	0.35037973359324176	0.32586217800851663	0.34652568936466566	0.07354322194323763
n	0.6525186553319279	0.48843094813856724	0.2556473879320041	0.26260224943984	0.1951947386437708	0.26311498315093845	0.13849280528213448	0.0792965390326997	0.13046218328573486	0.061786723059774167	4.87720783864682	1.3747403127335085	45.492552595466016	4.099347965944682	1.5174786233731448	1.8049207833219867	1.773225932171847	0.9996371402338144	0.3791982900004275	0.6196229404284948	0.21430570585376715	0.6618466109773569	4.494531683018114	3.084760013674241	0.1165776261802884	1.1322566060979904	0.4765964979731347	0.42626732327313593	0.14190925906054658	0.45113354641836967	0.7912315835850197	0.7734497513895293	0.0760150216763421	0.21163200246529065	0.18236850785231254	0.6929839367941766	0.340062829866149	0.23647745640477186	0.4023485421132433	0.411192860189298	0.8311432574460978	1.1920545913197096	1.512071131385418	1.1183732306204457	0.3458301862039527	0.48674679941603977	0.7221440847457943	0.46603453065923206	0.49434712675115194	0.6856182090899319	0.25722195911293083	0.4997234367370493	0.062337980088534535	0.19677268565986963	0.38956644309993976	0.1118678803602503	1.4960954863568463	2.1563613258727146	1.8438976537731075	3.3584547436175773	0.8246375466783917	0.3768290009296787	0.13149408021665082	0.43480945305723784	0.4826488927717329	0.5147135670393506	1.8953814346029216	0.2851578507033355	0.12414442158038023	1.216860659790096	1.6685910941218836	1.6650219935506076	1.8587579046522025	0.8527476979858626	0.7197681084268379	1.5627704068375081	0.7725742033003083	0.2600279108121927	0.729769479083629	0.7204470432099781	0.537528417040404	0.2776643922672561	0.11512673783679174
o	0.5903756271977105	0.5347414710307704	0.4037743188795058	0.3201580279650732	0.24255621311156306	0.29211053601030873	0.22392394858863413	0.1624806848643141	0.21117302189244766	0.0942608148758982	1.1691396076556329	1.0976871552548972	4.099347965944682	40.49771591107922	1.2657994254756737	1.5723752585700543	1.2871228311946634	3.2627993014493275	0.5051781249042394	0.3170964434314485	0.23649547321296727	0.9601981451537582	1.9932598928037373	1.2712349958906415	0.0970013718881536	1.0943178909955116	0.30577948704718066	0.3328061384787102	0.2695610391393609	0.9783824676814811	0.673887290708708	0.46559465845907966	0.038577294506551264	0.35745593455682567	0.20603918459803328	0.11335512475649646	0.6619123767679559	0.3089713741428765	0.5922784458840671	0.7685973205426884	0.7107004502574594	1.0871350145509333	0.43001849654495483	0.5273612164768124	0.4417094579832042	0.66665764503648	0.9680916214051583	0.7201388773439608	0.48912704281296066	0.6079064975398781	0.43154625067101327	0.4410738826815835	0.05217952838133357	0.2819891320488019	0.32628131109886666	0.09810195708569366	1.3317554365036375	1.4736693351126438	2.232426096182883	3.6677260090571164	1.9459603884345045	1.5128406308659448	0.1922013979749964	0.8160140536727094	0.5016711418334104	0.47369752272900395	0.5472451568529066	0.21793863648566597	0.10753102075372174	1.5331149106562354	1.6141167227847257	3.8951261216342146	1.5103103767111425	1.0980970346781145	3.032901348174385	0.4528526059883319	0.8783064536133879	0.8198377454100829	0.5587073835989582	0.8650581076162149	0.2657479284341754	0.7802810364136472	0.1125141880062689
p	0.738893397726924	0.4109331190051667	0.23186110716225597	0.1828114699981271	0.12756114096715143	0.3015416689303177	0.16443398870773726	0.14684244685850487	0.38246887768469157	0.03547831841959154	1.6258101895948027	0.500222766913423	1.5174786233731448	1.2657994254756737	49.64953271330014	1.1505231125631676	3.8537005001214184	0.6661129275146216	1.222564995674434	0.9503767593367832	0.32637258807224884	0.35403848387409004	0.5248927321775113	0.29488133397583605	1.7668183910454351	0.2638141881182868	0.22851289887646914	0.21209594994083303	0.13637811839773623	0.5177655199850921	0.555485933792165	0.8782339991931482	0.014832651042718682	1.3792771514861406	4.157762125489603	0.07976034076270065	0.32839495757432136	0.24965269363989104	0.6360475604800265	1.6433068904871717	1.7286721182844427	1.2315229154680936	3.8668102427508866	4.525966066833451	2.756281824727314	0.20273866021252884	0.436819598032168	0.29650588352008944	0.338402422649687	0.6461276804470935	0.10187530492750962	0.29479726308090703	0.03762645824676308	0.16362086990021052	0.20246484044528276	0.06520856579947093	0.8842000478809592	0.8320183568999044	1.8081173281793748	1.2300346753378684	0.9696888047403718	1.3006188893617885	0.1470808830655471	7.176365836751346	0.08637763798037308	0.4893668746535876	0.31408187624267536	0.15009852530481965	0.3332640579460869	0.3160278981942105	0.5771381184269798	0.5538196144017534	0.6943009208133436	0.317943044141164	1.0081085051869798	0.30002297321086074	0.7345293528626828	2.0941244632664975	0.5782043422390086	0.3289392135135146	0.17656814294587592	1.0322036260597514	0.07749479144670628
q	0.7689615278677827	0.6396400149227753	0.4184395373360146	0.2882142954016716	0.310734272682168	0.3890363403144512	0.3281484763715432	0.17641607600704612	0.30467106834039615	0.0653430013602166	1.1099544516393283	0.5985650181711323	1.8049207833219867	1.5723752585700543	1.1505231125631676	58.409409111285285	3.746156460776607	2.717378773296148	0.5018140137160884	0.8285460314257691	0.5931487084933971	2.359323694519095	2.127915612326728	0.49339986502187644	0.43116792791136477	1.141848172315869	0.356957990315015	0.602641496367053	0.35349245349612196	0.4512608577286507	0.7343265778357215	1.228988274051695	0.1568545447210185	3.2674117158348475	1.26567543968144	0.7489545368067269	0.4267873461981303	0.28162212811417464	0.3762290972689024	0.661934200759759	0.9080278641350632	0.7477057248021425	1.0436571727782356	1.4568895939321693	1.5530177797949747	0.20973849694422056	0.8360708233271879	0.8767518451575076	0.9432140037151807	0.9283998760248354	0.36442793091300096	0.8499219297040752	0.06288263248138592	0.45385900234221593	0.6413782967915356	0.16232574325792576	1.8677446644029332	1.9093439294546102	5.054419531754772	4.797027449833935	4.02533476884124	0.6260863996918703	0.4731288259806329	14.064587414560267	0.252599111682597	0.6734511968859499	0.09184877566637124	4.894200845652965	0.16243055294019337	2.2151518697021233	2.2960910299917177	2.4905775098545355	2.7136866438432112	3.3397668604692696	5.759655044564213	3.650770145177152	0.9476587839582307	4.554418442929797	0.9132514118361759	0.8579138688749663	0.3535934490202793	0.5546347529491706	0.2520653647289557
r	1.7026731170179004	0.6943842600202716	0.3847044059814886	0.1724548987732304	0.23296306028801025	0.3568092086615819	0.22942142889805306	0.13408847633186746	0.2228603954864598	0.10649121378217337	1.0127195781527771	0.45356200752081116	1.773225932171847	1.2871228311946634	3.8537005001214184	3.746156460776607	166.03937289339964	23.316076224938236	4.957063911517954	0.513377616697457	6.257374248631635	1.910240450333693	5.514491839404697	0.5642899908587772	0.17983388404104594	1.2748841856509605	0.43875959825710265	0.18074448128336998	0.1589200624998772	1.0939919905949864	0.3293965263789505	0.31005860526362117	0.07772706601192422	1.4721713863284989	0.11819313680625887	0.8799286573763322	0.7415319209275272	0.2962764126933272	0.5071491622362413	0.8354204802833641	0.6696909157046932	0.5021106900749275	0.7219829841142977	1.0538427689999326	0.8362919179186463	0.07260031381529916	0.9054730227982577	0.2996261364950847	0.47452433380399944	0.6528983414514659	0.43594398632750775	0.643220636733705	0.08463204529267852	0.27335257922842016	0.5886630308020255	0.11768833542342051	0.41339474133423093	3.1570957457665645	2.5654171673572326	3.6197314857894756	0.6303746552018888	1.4010984891077096	0.3500164250353389	2.571986512074072	0.20555759129766166	0.1370086032431806	0.29897513041680773	1.1430325548286204	0.5287244756028779	1.9196777661798492	0.7952369939201112	0.6943371834256057	0.8352113291537845	5.2298020815376205	0.8293015695155631	2.7591133464179722	32.62932756811704	1.4027636853303493	0.5623168547755939	0.35256302827951574	0.40095765600712785	0.8067165351532498	0.1817124888109805
s	5.036281549062671	0.6489821189516002	0.3662120904404933	0.2793344812609582	0.20075699234210606	0.29930803111433024	0.22130904693595582	0.17133079042446606	0.22676273849869974	0.04227343650065673	1.6856392961372464	0.6659957195769878	0.9996371402338144	3.2627993014493275	0.6661129275146216	2.717378773296148	23.316076224938236	204.39114156003234	1.8758230014595674	2.7669219510705227	10.199575694318183	10.577164102302087	4.764875795186242	6.430403168995683	3.239153546960988	2.6055127725804623	1.4445859859746994	0.22259405669087315	0.16678119145249695	0.5190298350125249	0.323877697490558	0.8404765614342478	0.10750889093112198	1.5952107962636017	0.35417260531436756	0.8313840661392149	1.771149507045938	0.5844137413120153	0.9836520492014124	0.35554820002319865	0.4884895204736457	0.2651341892164683	0.3887474343818705	0.6726121628796267	0.2618206184338921	0.20867793947505056	0.5305340182183191	0.40908470166550454	0.559994937361239	0.38587357184350574	0.200744790651173	0.324968314948517	0.17463785817655342	0.21833690573516934	0.10888846896030074	0.06592406942784382	0.4624709130045765	0.9681337355246885	1.0361103176264164	4.140160324752126	1.269141170064245	4.708969229741655	0.2294347485901242	0.13487437424465462	0.5389696129306943	0.5388524456235354	0.39195465684191383	9.646651883036009	0.6931547119318405	0.5716254136027191	0.6728815691219989	0.5899911166336103	1.083055485475363	2.1743168858493545	0.5047758548849012	2.474913690344659	0.08986735007861149	1.3937798134304478	0.5006160681150049	0.2516974688820723	0.5629531157000193	0.8358740854241323	0.28372866779509665
t	0.8485627580943041	0.8240060216734495	0.22053646700361018	0.1540996840559682	0.1253804043338239	0.12659927878089366	0.13533134353719284	0.15152171392551547	0.14136038709009835	0.02120693763716179	0.21868749995924988	0.3126313613280689	0.3791982900004275	0.5051781249042394	1.222564995674434	0.5018140137160884	4.957063911517954	1.8758230014595674	169.75559854508745	2.0367570649901525	7.578263161464829	3.423395190248099	1.4673284453727182	2.488275562352553	2.828861417635534	2.093776393541197	1.094820686767804	0.2621889326769984	0.15638122963705725	0.22490938207178998	0.2400312276880719	0.26161437304214835	0.055600447329919124	0.7115319150415257	0.09843123568608288	0.2862232124163303	0.2758178131451952	0.25651925326012975	0.37145668506806984	0.32772329635843417	0.3302280862158806	0.6682538284018217	0.46974013777753554	0.565846958758467	0.3274419584188442	0.061596963941208775	0.40916096562452714	0.3552508698337602	0.7331722196229434	0.5848855504378527	0.2897229504623512	0.6966569965508512	0.09115697529512846	0.17216920831351687	0.5041733912861452	0.17803616772575975	0.19279406179159142	1.3037798177344257	1.5540405152052779	1.655290135438901	0.11483849272402617	0.6311515072222963	0.2805626411710404	0.22490476880623927	0.14978980362111569	0.09983816041355234	1.0893157919884744	0.8329277495394979	0.3852814915288092	2.563171671551083	3.9132832806047992	2.839017198498608	5.3915655468066	7.145543328868539	2.827316860059527	4.9382315903477565	0.59941988849555	10.028259250386158	0.15850325091987857	1.6877380925642806	0.2752844884334532	0.6954482503049662	0.16100967629944077
u	0.45176922468706443	0.8806701987562131	0.2895804328986535	0.2750343953875443	0.26325360568974926	0.20425452275514192	0.1429975920502697	0.047438164978762874	0.05619554510479114	0.011635457448162231	0.38353212233112616	0.20770948674520878	0.6196229404284948	0.3170964434314485	0.9503767593367832	0.8285460314257691	0.513377616697457	2.7669219510705227	2.0367570649901525	383.58107290464267	13.297729334309793	4.087590560083211	3.1261127600182097	3.163753254197513	1.70965528498648	1.372449955260116	0.7488479342373157	0.37736705385366764	0.07570610565940471	1.389796108265135	0.21410970766655482	0.16236473204153784	0.034649592207476806	0.7056045798208838	0.3281758065485132	0.07819101784716971	0.5521655439495299	0.34443663414915765	0.2825222517351001	0.48562207518113004	1.2845009250780262	0.40098342472369863	0.9814493448705106	10.409816225072074	0.646940249556619	0.6321140996138415	0.22121641262755473	0.10858935139538756	0.1357476494660861	0.2097180906665462	0.0826176618071523	0.17601255809122784	0.011223064010466924	0.07121334894470958	0.03918287088764185	0.02609369330707523	0.191943425322384	0.14449470150551813	0.4165332181874155	0.49355473725139104	0.4011109276616652	0.5363896928657623	0.05669170533539655	4.165813117324311	0.33293895833957904	0.2219110535367716	0.4842461320062378	0.5785484279466954	0.8563681596217693	0.1848503166881655	0.23092261329622532	0.20826090916436799	0.3528993735481488	0.5686310899309517	0.3358022427691174	1.450432462056781	0.11102793629205449	0.23916190578444083	0.14875159332169655	0.16396248368461033	0.13312804317289084	0.7310378713360649	0.15783715490765685
v	0.6878956297793024	1.1871559667329814	0.8077397590920798	0.7628292642892013	0.2386705099650596	0.4372622298771926	0.7728806325538662	0.32581414152143967	0.5143993308238252	0.3527884947591326	0.6041529959717898	0.3229520952465727	0.21430570585376715	0.23649547321296727	0.32637258807224884	0.5931487084933971	6.257374248631635	10.199575694318183	7.578263161464829	13.297729334309793	678.9444482597074	114.59947035246782	57.02549812547209	15.722199685323165	25.599338950560085	8.808110390676735	1.0251649881204685	1.3494861526428563	0.2857730707216004	0.5164426781461736	2.200876137263145	0.4635902746139703	0.15699709176233947	1.2802585350590445	0.8394143627745411	0.5766190025298052	1.2206742918187208	1.877142818468851	1.1796456638974457	1.5679918278635911	2.914503040159771	3.566018605990759	0.9614182709553996	2.117311833012738	0.9751241655089566	0.08714561364187587	0.3592581439111428	0.2821606832328679	0.30480415214059065	0.40002896049330333	0.0631856922917303	0.25009762613784037	0.015526547122241843	0.0788531894864626	0.08304166367137919	0.027342174260962995	0.3327413292467783	0.9151784934942209	0.40092333580386114	0.32790227502409663	0.15989130581513653	0.9046073595369714	0.9943346029076822	0.7306557647712907	1.4598816748170014	0.9730428728236798	2.1233383372812744	2.5368381404380673	3.755031220628293	0.4364433969520424	0.45002535817948025	0.3652757086597105	1.031603172478794	2.407374606601805	0.42069619953841153	3.437785879407783	0.48683894006840606	0.20973699521994899	0.3890619223778328	0.27270444463147114	1.6782646159963734	2.080582188126808	0.7044333992618763
w	1.0800235907352185	1.112792008075819	0.6061351942806885	0.40968468250465795	0.18448273376916946	0.4552405696502111	0.2738559754041137	0.04448555078629044	0.08593665616192177	0.047194565007778425	0.5818827829509067	0.24669189535601996	0.6618466109773569	0.9601981451537582	0.35403848387409004	2.359323694519095	1.910240450333693	10.577164102302087	3.423395190248099	4.087590560083211	114.59947035246782	1142.4203012637172	55.12966181982914	0.3636907017086984	8.893172771198973	7.841916558010296	0.9968864660851099	1.096080777019036	0.7151455945528177	0.9342170036348232	1.3890250096903995	2.226743547917245	0.6900824202698739	5.663931777075183	2.5464779914848874	2.0407944815885717	1.226986269915631	0.6197813062709575	0.5824132200377748	1.1133262835301698	2.9426606507561135	3.549657548126171	3.4837088932788927	2.1783953577791846	1.7256004459647305	0.24845706477505483	0.8900511846471814	0.7073665168942633	1.4197096747968203	0.8546594538266601	0.22859903188971012	0.39417109726253274	0.039584223025642414	0.1283770574619658	0.14188497233758718	0.042430179690588266	2.0089361994638697	2.61614657905331	2.286110133391374	1.2765782353286517	5.658941053449842	5.76292466714824	0.43989891105818857	3.878951906226118	2.5834376361753866	1.7219173461986381	3.757504645404998	18.854819274856993	6.644983047410848	1.7285693800757107	0.9556493249632002	2.5047986694677733	4.221577199202101	5.933768188782861	2.233418805163891	9.125368424555008	2.5845616029520553	7.2375233566383015	0.8302406494929472	0.5703260497415	3.3738246284053557	0.8392745115601996	1.006388942170114
x	1.0931577698605903	1.9375367460236503	0.9472660255541338	0.613090345219913	0.8304316174601384	0.6071099997013867	0.4521607569798974	0.5105712171697422	0.3082235577097483	0.050228959897987695	0.4111142683038853	0.28629411841098457	4.494531683018114	1.9932598928037373	0.5248927321775113	2.127915612326728	5.514491839404697	4.764875795186242	1.4673284453727182	3.1261127600182097	57.02549812547209	55.12966181982914	360.8856134975067	97.44065117709482	6.767009046650001	10.990015130105084	0.5121618475815157	1.566799925625462	0.6265848874965361	2.272646602002718	2.6374912736348977	3.6254597118881287	0.6171615277968883	7.7194967404026205	1.1416614009948323	4.005990847337136	0.7605186323642125	1.8293047200486403	1.1688477318715285	2.027264536784246	3.5407821349158644	3.300715636027703	3.922785380510982	0.843816156040126	1.8567305236032008	0.281165366786208	1.5733430121699348	1.0185576407459331	1.6973275682510574	1.119318252962244	0.49327779117695136	0.5729401778094876	0.022548847301249075	0.08708356823605932	0.1635717333695846	0.012815295674335073	1.0435297021181604	3.619221601564597	2.7142994695616127	1.99794425146964	4.871175646613772	4.478395269975188	0.4733272626183839	1.3912390941408117	2.7797556068840876	1.8527675414579592	4.04304112462363	27.050154085217084	21.449825563858916	1.3850505839991618	1.62809425929184	0.6085801778531704	3.4374760067382844	7.69435924823686	5.407061625289691	10.800695575780283	0.9269883283344149	3.7939150724761204	0.7843885939764139	0.5192555821906362	0.4773772861793906	0.8803620644656591	1.0626342223516232
y	0.2728701483430295	0.5812013316100368	0.7943847013642513	0.6159598378648269	0.38142512497334335	0.3983201946590343	0.3783097142997579	0.10564451713226132	0.1897795773343033	0.29535712331455266	2.1619230047907547	0.8350547276376701	3.084760013674241	1.2712349958906415	0.29488133397583605	0.49339986502187644	0.5642899908587772	6.430403168995683	2.488275562352553	3.163753254197513	15.722199685323165	0.3636907017086984	97.44065117709482	1307.2216600437353	56.5785013473925	73.23995038333456	0.3681545835600776	0.36505537698344626	0.29506176478947127	0.7568411578066783	1.0657221539035793	0.6551227274803331	0.033398352513975126	0.3517884436773775	0.3954062145968146	1.8499281547340123	1.0432421993369287	4.121834139165664	1.7436610445669358	1.914895883978759	1.4149897207085713	1.143179119452545	1.056711056401735	4.870827605346644	0.2923023917856432	0.21551223492116386	1.4215200930450942	0.5427232502832	1.8109794229404819	1.0536200249758483	0.20603043539831786	0.3736738687133145	0.025164366798834426	0.09880251419737869	0.22660757331498738	0.13038051097849268	0.7099301913856252	0.4642560628502443	1.3219848254778779	1.5136922956438617	0.527217702580578	0.5965615346014836	13.934346896739527	2.409228267391558	4.813741802361607	16.04231778917466	7.001391065484196	1.6729689827749585	12.381654669497216	1.9188092300116044	12.761466137274907	3.3122157712220255	5.527530775792369	3.6854806138787737	0.34679572268529285	2.2671171069186955	1.6052786998086448	4.841034935677095	0.3395841845564589	0.5313467428385101	0.20358560639080608	2.019616409583962	0.9679184863233317
z	2.9352927997688774	0.744441230330449	0.74212405618038	0.7052279941127164	0.6263598310149961	0.4641465382943778	0.14698656797164616	0.7184438933618499	0.15062716526107103	0.04287192760568701	0.04411925703234266	0.08841735972385475	0.1165776261802884	0.0970013718881536	1.7668183910454351	0.43116792791136477	0.17983388404104594	3.239153546960988	2.828861417635534	1.70965528498648	25.599338950560085	8.893172771198973	6.767009046650001	56.5785013473925	149.06237773783837	49.95993053101218	0.09721246229938978	0.1013016629651282	0.08486744630287739	0.2862916817346354	0.15083194690659416	0.23601377717336253	0.09926443661584891	0.9505118187270766	2.1367289740596784	0.11107550615677833	1.2854434003810555	8.068434059890068	3.5186270155478607	2.8629116878153873	1.7363788758332837	1.875344788622951	2.0394082339249935	8.247366718510749	0.6318271859760084	0.26527066771191343	0.06401440379304238	0.13616631871731766	0.06660846862342663	0.1108303868711759	0.024393938989350696	0.07485298829079497	0.00281348891000677	0.02107568052822284	0.03826752635713593	0.008619629796712042	0.13950471954198665	0.18815891308508395	0.23812838338467573	0.05842725904424157	0.1424511425408151	0.1611874407553589	0.6644080780219223	0.6509593999816475	1.3006449068126462	0.8669081052799074	9.458674772978116	0.4520264434694597	3.34545074185199	0.14812886907200976	0.3007040913740744	0.2847540649802409	0.17232767498577858	0.5361974834808495	0.09370217783466273	0.1531404487053602	1.3012107736418008	0.2802898611326257	0.050974256873058	0.07730519197220953	0.6200861375355522	4.14043843431335	1.6589912458649367
