	a	b	c	d	e	f	g	h	i	=	l	m	n	o	p	q	r	s	t	u	v	w	x	y	z	^	!	""""	#	$	%	&	'	(	)	+	2	3	4	5	6	7	8	9	0	>	A	B	C	D	E	F	G	H	I	J	K	L	M	N	O	P	Q	R	S	T	U	V	W	Y	Z	~	?	_	|	/	\	@	{	}	[	]	:
a	7.17739368529073	1.246835695002898	-0.0329587168470646	-0.5790695231844009	-0.6145447926787125	-0.8860892113126054	-1.4094384025902436	-1.0833522652694216	-0.8167809287007816	-2.217667342944834	-1.1611743083003372	-1.3282171873668633	-0.580695794692033	-0.7210088514007811	-0.3736705934658187	-0.44876018448154387	0.8182418465735972	2.424291726252021	-0.19749119557171013	-1.1300584068024768	0.011971962761948412	0.26305971973498704	0.15630664412880668	-1.3319147410625436	1.4774972084948685	-0.7050382595781639	0.45080806806928664	0.9303418474019223	-0.21987149043920187	1.0686039692192524	0.7682037543618065	0.827038218949179	-0.8867791183006426	0.3420974719282674	0.3724136453113115	-0.20375436887771686	0.3322494827563399	0.5152611259185775	0.7333039720996322	0.620853084548045	0.38464364249475663	0.2523545870278173	0.25717665685552715	1.3078493270077045	0.392060006463184	-1.9229691351355644	1.1069319616814495	-0.2996177262415595	-0.37382996093287196	-0.38063203639969345	-1.7208816988539115	-1.0606689999470111	-2.865837989007825	-1.452505289288241	-1.2817411962793694	-3.5224258629726637	-0.14831068867884506	0.33508810962249125	-0.23599876197706218	-0.2293394596511254	-0.6940343798805308	-0.4074297131777225	1.3436012954956036	0.45540630561622675	-0.9743463025559872	-0.5358121609810262	-1.499320504883591	0.8129067252728251	-0.3031514041907499	-0.18579350852974025	-0.5297498193408188	0.44748155763287306	-0.9255985845948546	0.7731365476551997	-0.35965077195657497	0.9623156789997475	-1.0563342339984385	-1.1267590041529454	-0.8966949078206946	-0.512382312843585	-1.015600437180082	0.39197995699108845	-0.8198861093200026
b	1.246835695002898	4.689239454094707	0.5835750347087776	-0.21281695824543953	-0.5488996181916741	-0.522520862386236	-0.5642049971642275	-1.382468740511378	-0.7147508648912678	-2.0984958899349464	-1.142319750362993	-1.5426214632865378	-0.9830064856814221	-0.8415834745733322	-1.2681430817636339	-0.5923218654438686	-0.4398478017402832	-0.5755954001158211	-0.32847712382834465	-0.18205550342396587	0.5585520082011673	0.15264058402443698	1.116537797518032	-0.9543285055010753	-0.7875443973760781	-0.0685455038055782	-0.1869457641564896	-0.18132221662284184	-0.416534624383596	0.9953119064872077	2.464760731453464	0.6390019513322249	-1.5309474353796957	0.8886127164583241	1.846215196132083	0.11421071662407634	0.012909642441871413	-0.310932541796782	0.0655195091550241	1.1612344703053492	2.4787156667740913	0.5752537162023428	0.9952496573012148	0.15939608858073312	1.8880699910603835	0.04516185576031912	0.8595875454362131	0.4289826793633371	-0.09267870656020133	0.09312379428636024	-0.21123845614401485	-0.396461538234133	-2.391228919036929	-1.4878949707158402	-1.2408800575333438	-3.25960200742233	-0.06050371418369885	0.5584534264890906	0.3360169612049848	-0.07414564542610486	-0.6383762392064248	0.002761187815673389	-1.3355268599372494	-0.43830948063969916	-0.0821868941647603	-0.9655808474771618	-2.34412669065857	0.4226664029633269	-0.7329200906868857	-0.12214257710210358	-0.0022600340593072724	1.0695021734903554	0.6042303748483728	-0.22778884003706207	0.7268302921844313	-0.42305888813793474	0.45249653484128266	0.9770356575654303	0.1917397044060668	-0.3171635096280938	-0.40173602750616144	0.025425164933279284	-0.852536559332855
c	-0.0329587168470646	0.5835750347087776	3.408727181242019	0.39327920506757885	-0.704236700347723	-0.7599711415530876	-1.550061670630204	-1.7823954453311095	-1.7320537959220135	-2.7019254446342567	-2.1318859315743874	-2.40161524807041	-1.923869202093238	-1.2195104423476362	-2.077019342080575	-1.2109451959923816	-1.3496164172846774	-1.4420068356053792	-2.4238474324857067	-1.811570420832932	0.25557084761142396	-0.6247767624059652	0.10102922576355196	-0.28567543940230394	-0.4295403779875271	-0.2389453525592828	-0.747036601592297	-0.8874935262174055	-0.9410059549968846	0.2033095433552042	-0.6414436935741011	-0.7779255756097566	-2.474793093827862	-0.06463720963033925	-0.2306128857024247	-0.7470061075975153	-0.5133311852888848	-1.1381702892866827	-0.5498843974869801	-0.23290844914949724	0.07337518555174813	-0.42042258803088367	0.013764855087222602	0.4266227230164706	0.48300449724181643	-1.3481216703860353	-0.035539086207913774	-0.24472409430189526	-0.2033992606986647	-0.14439858958810592	-0.303372160133623	-0.8152790010556039	-3.027538781321929	-1.7535464672391092	-1.4374587024937817	-3.5144754336507673	-0.9055441489758725	-0.5861565036859404	-0.8037837062000699	-0.7397994944887157	-1.3790829986245463	0.1729466213370498	-0.2427093799035509	-1.9264976939198422	-2.2880787994504765	-1.5957880656297323	-1.19156462503181	-0.29437489415423806	-4.317323619226332	-0.715111508048118	-0.906646387946241	0.2502742588287175	-0.5111671710722977	1.2095411533707734	0.05322181370941964	-0.9021094165311521	1.0622074733112197	-1.0739809752639005	-0.6564793317950731	-0.5529257047763015	-1.0541184044486211	-0.28318073383450626	-0.6442437266721364
d	-0.5790695231844009	-0.21281695824543953	0.39327920506757885	2.9483435497703665	-0.18013922327925208	-0.9315898793529307	-1.4207188814899898	-1.9048473156244736	-1.9742307150355554	-3.216891609389048	-2.298474921961356	-2.8725373326126338	-1.9071031070197044	-1.5820805224759884	-2.379872679036042	-1.7390608958877039	-2.5107950788427984	-1.8308027337292914	-2.7889365504776267	-1.8613016112641847	0.24367660068745475	-1.1666511423622323	-0.5178231519090567	-0.7020161140216078	-0.459169469590018	-0.39770906775117293	-1.6294019129392407	-1.4430467316653488	-1.9665417579000901	-0.8521982792425157	-1.028176050791578	-1.9194390329196238	-3.487608771764219	0.5632946922137869	-0.37597826515422716	-0.9274578870019404	-0.8745069551633023	-1.511543463352416	-1.1956380501272634	-0.017478519797985488	-0.5764171907030172	-0.2950401503316504	-0.41469661474776986	-0.0007183999370293974	-0.28052958055955507	-2.8617262164471566	-0.7398929827540306	-0.6091488906722746	-0.49472495863218113	0.22162862005107697	-1.2765123165315075	-1.1609145200206217	-3.1542270334415603	-2.0384192089824364	-1.6969893108610368	-3.8846766650235365	-0.9910715927342728	-0.8602319213771218	-1.0565922607303269	-0.78490668494828	-1.4727754809202882	-0.8992199019262513	-0.26201342053334975	-1.5190228929309246	-1.7919066524862723	-2.3103037890194256	-3.5539200521147256	-1.6340102447370697	-5.165105873479488	-0.5839511666197801	-0.967248808235235	-0.7989024250043134	-0.5238198371662457	-0.5425170412814884	-0.06761142844762366	-0.24500276176102367	-0.4588570846498799	-0.7226765794463672	-0.5017732969217663	-0.7786932540028412	-1.0576323365689944	-0.4869901916932934	-1.551881197233029
e	-0.6145447926787125	-0.5488996181916741	-0.704236700347723	-0.18013922327925208	2.5963509482011813	0.29573210289299584	-1.1411199600003927	-1.8903637256188701	-1.352348232062655	-3.1931161356381175	-3.5003862313367105	-3.2793095292638434	-2.3307533852609	-2.030714825005359	-2.9163375419302544	-1.6224000452752805	-1.9984106738336322	-2.290716315932807	-2.9566204470754958	-1.9274876364521356	-1.4778522569306038	-2.3865433740258757	0.013782280069727471	-1.2299442917410601	-0.6264948665536348	-0.2800279063529554	-1.2402276371839724	-1.4253544523842847	-1.173040622861877	-0.356888650437204	-0.08904356705027246	-2.344861468732346	-4.1348435559148555	-1.1552422785373062	0.32407976103404523	0.32823641414708654	-0.38030789239099966	-0.6705544975824922	-0.4601739165554152	0.8572793411124257	0.4978417082945741	0.9781812482676883	1.1376277227134313	1.2148659493169873	1.0313685753885755	-2.7646810009357936	-0.2038641867340959	-0.7434762436499929	-1.022167280299495	-0.3373792918901268	-0.3709055627553468	-1.0397302787197227	-3.869093113749705	-1.8002070206759555	-1.7690134240602926	-4.070220703368955	-1.6729003265320739	-0.4790912211400543	-0.38100069797955877	-0.8978225853301632	-1.3336946703938153	0.7007105033839673	-2.3299224468839643	0.42273482215409763	0.5864204967703853	-3.483594746856642	-3.5174924186506047	-3.1735563287668507	-3.05828891212397	-0.8669838691583732	-0.13169687485659282	-1.7549231942603367	-1.379080392666973	-0.6928096518026581	0.1419415490897898	-0.8839288804138064	-0.3630112411153644	-0.34999525511642343	-1.4906321625316858	-0.19317947259119841	-1.41216568578219	-0.32435073366577943	-2.194988840289977
f	-0.8860892113126054	-0.522520862386236	-0.7599711415530876	-0.9315898793529307	0.29573210289299584	3.7987665518524083	0.6789432388350319	-0.7147396746402076	-0.5682626380423185	-2.019247838323304	-2.2652213440126343	-2.4601847475606005	-1.8434340434520886	-1.7313167590306942	-1.6202424424780337	-1.1987671165311984	-1.391409292571393	-1.6405664479377948	-2.968389743110182	-2.292017023274196	-0.6652855282856602	-1.365853063835495	-0.432940663486772	-1.3795406820552676	-1.0029477041619663	-0.8132764068507558	-1.1972625858765946	-1.4136188456728762	-1.6460807431768574	-0.6381618033578681	-0.2481109615733192	-2.1662220189269963	-4.102858673519011	-0.8765740104006844	0.3051102195421216	-0.28775127116760496	-0.7998599689349783	-1.7267665612176732	-1.1800227534564844	0.09271580679919592	-0.3723519411130584	-0.35155033449677164	0.1702082156875654	0.005817827173917592	0.11784165560472629	-3.069520314778203	-0.8966761399270178	-0.6774691450111919	-0.641538162574843	-0.33186741503797906	-1.437464614881429	-0.3716257097657148	-2.0686919644445543	-0.8927533083329279	-1.1525109451338298	-3.1578845121036867	-0.9840979864958621	-0.486351338048576	-0.5893197710007957	-0.6570972849744917	-0.08958362429356166	0.9392232849415997	-2.8448033012799163	-1.3639506477033798	-2.128887447465223	-3.58343810197375	-1.7693388672127623	-0.1676050198613618	-1.8362041723537152	-0.2794890982184491	-0.5829400506543332	-0.8697019127749788	0.43159171164319143	-0.8784021878000405	-0.3077410393983846	-1.4008120877209056	1.2350414332551414	0.4698009658145581	-0.5379969355745103	-0.31187348143761207	-0.9251962272803603	-0.2693903743652379	-2.306919468961085
g	-1.4094384025902436	-0.5642049971642275	-1.550061670630204	-1.4207188814899898	-1.1411199600003927	0.6789432388350319	4.050527110896861	1.0657837919464854	0.48617716689278595	-1.2644821897867682	-2.9918890052016165	-3.013504247113534	-2.8064567931110793	-2.1052639795539716	-2.568885963792095	-1.6079653707305566	-2.1062412602499236	-2.139564979517836	-2.8029025471137263	-2.830040255808938	0.1719751946272973	-1.870966526665532	-0.9493872528068942	-1.1598978146491183	-2.7657134423370544	-1.6298226010835009	-1.6658509955382856	-2.0652604232544967	-2.107905661072078	-1.9090204497018206	-1.5450801007305537	-2.3648756408804408	-5.861462261909593	-0.22745844185061656	-1.5000257341050247	-1.5400138446609282	-1.3131425130915377	-2.826792372315618	-1.6392656040348668	-0.9046151277754406	-0.6401454654093566	-1.351811961152125	-1.2312691820257096	-0.7949880099825488	-1.108369378651946	-4.508121903965467	-0.48527238714260423	-0.32632433384505133	-0.07039360316337288	0.03774401554977759	-1.3138231223747214	0.8361365846929076	0.7890378665441963	0.3889606834178121	-0.6266941097999181	-3.2314457830625343	-1.1626452949193253	-0.2986994344582879	-1.3185165721939016	-1.876556324831284	-0.32339758024789056	-2.1541822519087956	-3.09205563155905	-1.5543806389486399	-2.7128312253034594	-2.75972391089874	-2.723232254801305	-1.6174559021123152	0.3209337524464863	0.1960524418492932	-1.12167205462744	-1.183055451747485	0.2908856616053193	-0.9613903615235894	0.9443690338104883	0.39946940888898147	0.8681458559765185	1.3110788457400453	-0.26764776850738214	0.4053803081864365	-1.0091955712240608	-0.6232101037505668	-2.949183781320336
h	-1.0833522652694216	-1.382468740511378	-1.7823954453311095	-1.9048473156244736	-1.8903637256188701	-0.7147396746402076	1.0657837919464854	4.573116891175244	2.2453173609345045	-0.9334693705958916	-3.3353859847121106	-4.473734477711762	-3.5849218280598145	-2.617585340961555	-2.7033882364558584	-2.4614222400616	-2.7962460757717498	-2.41633667644702	-2.592331656232043	-4.394969189526391	-1.0864389058622266	-4.995424793829494	-0.6248789231488328	-3.2374227234804325	-0.49371673147303746	-3.8689713945772573	-1.8046279084372263	-2.4490024337926215	-2.9683285503722496	-1.4925935008925462	-1.4762342570364295	-1.9796502453263405	-5.3541827649233	-1.9445380819503628	0.7033069229559806	-2.0706526521843367	-1.651737737879192	-3.0009925670623705	-2.601266774904486	-1.7023039918044787	-2.072912218171553	-2.325791414452081	-0.8959548565627252	-1.4131077108280186	-2.070296840466947	-3.2149332086113858	-1.0411651560597146	-1.022092637086606	-1.0940310127335748	-0.7935253743206268	-2.2977584616044546	-0.2235182344609829	-0.5207118547246724	0.0624659244511284	-0.9340467232129984	-3.5577826990694903	-1.3049459482876848	-0.9659011324565256	-1.0234117413483714	-0.1111631456498181	-1.1940735718683544	-3.0169886672890827	-4.6697707202323455	-1.639579475665375	-3.3323664896713825	-3.8938323480964216	-4.857340691998986	-3.54511346184257	1.6963804133119385	-0.6719700471358183	-1.9360839442363416	-2.804829188311407	-2.8150657631044043	-3.452433343436546	-3.4715103718025726	-1.4415081977287725	-2.298877203693898	-0.76231316679725	-0.6894580035624923	-0.4684903347723075	-1.1893891979526205	-0.8747537833318145	-3.390240660879072
i	-0.8167809287007816	-0.7147508648912678	-1.7320537959220135	-1.9742307150355554	-1.352348232062655	-0.5682626380423185	0.48617716689278595	2.2453173609345045	5.554390724109537	2.1487881392214128	-3.2042727387606846	-3.002516955171237	-2.817553569366902	-2.108497036003748	-1.4444709007848107	-1.7680641612771058	-2.0276987914422406	-1.9803928098536931	-2.6332139856119436	-4.003107006252001	-0.1759507571034197	-3.441067143292411	-1.3134959291622998	-2.0932855559244175	-2.7306624455042887	-2.091156441267058	-1.2687453837829479	-2.2773564484324997	-3.0684054874001614	-1.4025658932239884	-1.7861910653996942	-3.0209461739686687	-1.8631696396022288	1.0275582389240574	-1.620499027980819	-2.378388471076007	-1.1202752268347025	-1.952937300532665	-1.7653608222076498	-0.9443891174504482	-0.5275433508617248	-1.510468727368668	-1.0205528447284793	-1.1383864334618594	-0.4887543606036339	-5.314777333981082	-1.0160160247207866	-1.1299754075415516	-1.1183231166851568	-0.27478229864285936	-1.8076659945022546	-0.4778947556476342	-1.1633993509740153	-0.4612582196874869	1.1142250698310243	-1.9662388270486781	-1.1029810133568398	-0.1405888212480906	-1.699834297640456	-2.421404369004815	-1.5783153766671278	-1.517423489592379	-2.8840875235888075	-2.286855686297943	-1.394680199582794	-0.6342179631204705	-0.3346919011892414	-4.777352173196294	-0.13852280049640034	-0.35381940631581194	-0.9500837163676257	-0.05978797616521455	-0.14284061624414948	-1.9213723128106013	-1.0164248648054626	1.5918303314235023	0.10829436969591084	-0.5910362487673495	-0.7357990230026749	-0.1747689079578653	-0.5322661992655735	-0.10306940425580037	-2.4500029061760302
=	-2.217667342944834	-2.0984958899349464	-2.7019254446342567	-3.216891609389048	-3.1931161356381175	-2.019247838323304	-1.2644821897867682	-0.9334693705958916	2.1487881392214128	4.1850773563370085	-5.102292759012334	-4.932367261259239	-3.991638661195282	-3.4299807068914205	-4.830780521235525	-3.8783901496259094	-3.473416002023331	-4.544079535055206	-5.555419993403336	-6.5615806583705965	-0.9556450624153427	-4.732738070269686	-4.372517801889774	-1.465402783256383	-4.719958617401632	-3.9507989616532626	-2.2930065734816587	-3.1621095965315176	-4.777415638600694	-2.6978338178033576	-3.106941452992136	-3.7900327792970745	-7.374430004634991	-3.676153824730908	-3.2648975524415915	-4.739539368813476	-2.180445313122318	-3.8034470050161837	-3.401922852436456	-2.982277541684807	-2.5854217488949756	-2.7194574748226477	-3.636936993019655	-4.003242693383937	-3.8314568588615074	-6.925138700539975	-2.3185093971900184	-2.708252232842533	-2.6882054277788954	-2.345867571098186	-3.839212510732685	-2.3920358167617928	-4.18172055355081	-2.092305761934038	-1.8110601016553296	-1.4960601958118842	-2.617236933215925	-2.1659039716326536	-2.4742316391307813	-1.9700080419073511	-0.8683561395829476	-4.263575512853884	-4.752858833514269	-4.400739494059935	-6.093526508065943	-6.654992366490982	-5.618500710393547	-7.476198481679443	-2.837369108979549	-2.4748987154820083	-2.550834885659075	-1.8583299820517953	-3.4937636213069916	-4.188502380868276	-4.860701612810176	-4.156864526510208	-2.5125494267859647	-1.6230088587427247	-1.9376518876379973	-1.7185587990184101	-1.1182781173839023	-0.7300125204442542	-4.752952075288316
l	-1.1611743083003372	-1.142319750362993	-2.1318859315743874	-2.298474921961356	-3.5003862313367105	-2.2652213440126343	-2.9918890052016165	-3.3353859847121106	-3.2042727387606846	-5.102292759012334	6.524616541881498	1.245365723926663	2.31044579584119	0.2992994414275852	0.835794372281065	0.28790689402332903	0.18857328168782644	0.8822350022303971	-2.204086410376138	-1.4038013961630653	-0.0710701013220389	-0.5559676953909399	-1.1113180720260039	1.4311339913707481	-4.391316536085885	-0.09753253658741762	-0.2586709930921058	-1.066174719304032	-3.0516911863374365	0.5776137309657204	-2.62306526858236	-3.4086640007597846	-6.179512283045985	-2.2238992309677554	-1.4434685864436025	-1.7813024554933221	-1.2052117584315651	-1.0068136485176238	-0.5453870019943292	-0.15464739089379048	-0.9340191552265593	2.461646323669441	-1.1058946046226386	0.5618733389860164	-1.0098079865997152	-0.7398381485736512	-1.968850866795693	-1.3681350652178352	-2.1928573760587993	-1.3703590936940404	-2.756127066284267	-3.0090647708154146	-4.015038724130869	-1.5202590570875354	-2.6471196628564777	-5.057210427353519	1.2697625802751644	-0.9496683344000182	-0.9058827377971796	1.566715614320439	-1.3772194056264437	-2.1188116307542875	-0.9949355588628633	-0.3746201084589571	-2.289799543801413	-1.2663029015052956	-2.8147737461290165	-3.087509016693757	-1.6186046454361758	-2.206503484214034	-1.7132075147762542	-1.6419680087237258	-1.0974609722114304	-1.176667221273546	-2.0569746485456455	-2.3531375622456783	-0.25631025782392824	-2.131872124786221	-0.25039561842308333	-1.2832525148836937	-0.4977232553028531	-1.6577878680334526	-2.8264132026883875
m	-1.3282171873668633	-1.5426214632865378	-2.40161524807041	-2.8725373326126338	-3.2793095292638434	-2.4601847475606005	-3.013504247113534	-4.473734477711762	-3.002516955171237	-4.932367261259239	1.245365723926663	4.3209215728072445	0.4607847198155435	0.1967180854427627	-0.912886884846928	-0.6504647884718564	-1.0498483320938363	-0.5159730217252932	-1.6060365399777063	-2.3727610010000046	-1.079238652973542	-1.7880738585725429	-1.832572097745027	-0.04309112116655758	-3.925393535839607	-1.6332549163794412	-1.281367919586514	-1.0235589851825837	-1.707811904702418	-0.6297032168029599	-1.3575591891142484	-3.3015905113161828	-6.217942613311586	0.19249614855788494	-2.028636297273817	-2.006760053538044	-1.7129837186210792	-3.2536054009094206	-1.8744993348194352	-1.16268351861849	-1.6212011684280505	-0.5369151291538563	-1.9619685339654556	-0.4201948828342137	-1.6166820802547057	-1.8034020683599352	0.00724311423337645	-1.414469274508594	-1.2083688071117302	-1.2238870880241206	-2.6934769004223655	-1.567874269295086	-4.530390689854565	-2.503038146451516	-1.8192847946381303	-4.55552512944992	0.37730441302272383	0.8424946793832115	0.25916782495362145	0.04103377059460265	-0.3170268716350365	-0.6697201127446487	-3.560451867935922	-2.4713669343153817	-3.579191447600233	-1.6046044057850624	-3.4260937448151996	-3.03586400265751	-1.2299246441223584	0.2894883702840685	0.3265633989717006	0.9142304963253084	-0.1390852268297674	-0.6204567336577991	-0.42036713378824253	-1.0337202233689744	0.7265507742404237	-1.4494609204156934	-0.6246329199353258	-1.4506879486428188	-1.624507063002931	-1.4532093689806298	-3.7777603464531575
n	-0.580695794692033	-0.9830064856814221	-1.923869202093238	-1.9071031070197044	-2.3307533852609	-1.8434340434520886	-2.8064567931110793	-3.5849218280598145	-2.817553569366902	-3.991638661195282	2.31044579584119	0.4607847198155435	5.538749039314972	2.1148019862316554	0.5833247089108176	0.9837591598653724	0.8052833338641612	0.06452573200386462	-1.1788529185766352	-0.9136053018606771	-1.5960321698931295	-0.4003495971398039	1.8328101919766138	1.9374888036128706	-3.003338476587377	0.3092916805049029	-1.0072416101975317	-1.1249017512008712	-2.931708029693618	-1.0559908382120946	-0.15059490973139217	-0.3254774151545676	-3.673478462025765	-2.154382636636831	-2.5324860837681222	-0.3987516879081024	-1.4741412775449176	-2.020750085592788	-1.285368300930818	-1.3154407178185854	-0.29248619185967684	0.024003751419276652	0.5781869181270198	0.26228105186538336	-1.5346351292842557	-1.0095004742667937	-0.428527396839997	-1.012014879546139	-0.8815629675733625	-0.5697003220780297	-1.8634699822019523	-1.10546038766791	-4.0247877483929875	-2.445052248545259	-1.3395482463739676	-3.125438182794696	0.6782532370993847	1.4192009021507848	1.0718630415386003	1.8730305151450266	-1.2233458809130016	-1.3919358399610198	0.743900466571735	-2.576405535945427	-0.9472644550640721	-0.8306584083764738	0.9607207498844302	-2.4819395221226226	-2.5979976515861973	0.33857425000073277	0.6865174040976252	0.7529829741647533	1.3089403208359738	-0.22214941788134018	-0.6544970193520224	0.4748243536619042	-0.6507407632527937	-1.8366427508272372	-0.586219566860407	-0.43473776705563194	-0.9268927421068771	-1.7730883454595001	-3.06426927807519
o	-0.7210088514007811	-0.8415834745733322	-1.2195104423476362	-1.5820805224759884	-2.030714825005359	-1.7313167590306942	-2.1052639795539716	-2.617585340961555	-2.108497036003748	-3.4299807068914205	0.2992994414275852	0.1967180854427627	2.1148019862316554	5.361133306600947	0.4312765121056149	0.6336496105550867	0.48677388292576496	1.7622485609623686	-1.3269344414761324	-1.781933780768895	-1.6380389954848935	0.1346605180499723	0.7868867044497105	0.6565952301655095	-3.446756123918431	0.10039168398432735	-1.648840272475306	-1.64256220547004	-1.9274992142214546	-0.1821549048132955	-0.4440985761480505	-0.9631291022941074	-4.848893438571453	-1.546902883114609	-2.266043248080968	-3.2193580649123343	-0.5116043588504964	-1.7878515319519463	-0.6497831505088655	-0.32741262053864123	-0.5387902096119941	0.20685014755284753	-0.7465167671666826	-0.8153370931979154	-1.1938729468357434	-0.5588619979289879	0.01628647180768179	-0.3821873941004547	-1.0125392657765173	-0.7104027723727875	-1.1778123452853846	-1.2001996159724582	-4.427028975709495	-1.8231027564978686	-1.4545345173228372	-3.365794275817111	0.49979744417323896	0.7232032066231034	1.1653494778587024	1.9979410857186015	1.1302772009321673	0.6350745986418936	-2.3871874786687513	-0.33052402274058906	-1.1608145604965314	-0.9567456725585937	-0.8377918562691853	-1.9585240333888754	-2.8115477570186567	0.6638312361082986	0.7329676444093262	1.9837349625163325	0.5597004857230297	0.14550105861115772	1.668584125850681	-1.7647209603034997	0.38946572356052994	-1.2903268599834117	-0.8752219007223314	-0.13362597575431118	-1.9679704387044643	-0.25503245513621003	-3.1872466009154508
p	-0.3736705934658187	-1.2681430817636339	-2.077019342080575	-2.379872679036042	-2.9163375419302544	-1.6202424424780337	-2.568885963792095	-2.7033882364558584	-1.4444709007848107	-4.830780521235525	0.835794372281065	-0.912886884846928	0.5833247089108176	0.4312765121056149	5.654115357140304	0.3077238360588951	1.953070564936627	-0.6168128987663447	0.396039325227835	-0.03491466715093159	-1.9877005881863534	-1.6445219698235651	-0.9467719804874108	-1.476535627921945	0.7995734706413932	-2.0499086847366756	-2.027602810230781	-2.115164005753893	-3.2039836876215353	-0.7488095912599411	-0.7612451211984124	-0.07613141219317847	-6.113377307326654	0.5385135029039329	2.2451003615470277	-3.557358764647735	-1.5932121729420434	-1.9649088010969722	-0.4943980469490556	0.8541124169142245	0.7522215438127632	0.3644025959676733	2.0121834119463857	2.295588660622278	1.5367932239765005	-2.353948259905997	-1.3042038997467078	-1.8635515126490239	-1.612194543264928	-0.5893231339800764	-3.236105915643769	-1.880005288320846	-4.953124493176951	-2.828282202831908	-2.1451230819273865	-3.932780305266814	-0.22036294958760125	-0.5858112954279426	1.0088381198030558	0.4602307605193927	0.07973096770641543	0.23035796489024904	-3.2928726876934724	3.072070692118445	-3.440895284302751	-0.9148983014774505	-1.6439413917429921	-2.5016391630288886	-2.7697003859375138	-1.6782211221021095	-0.9727353293169028	-0.8039247418568309	-0.36720120921138727	-1.679606634566534	-0.2982681980185615	-1.7763128481838166	-0.40740599832526614	1.1443787755101509	-1.1170833022980606	-1.547333884149777	-2.47636706633284	0.16795110741927277	-3.708610374195268
q	-0.44876018448154387	-0.5923218654438686	-1.2109451959923816	-1.7390608958877039	-1.6224000452752805	-1.1987671165311984	-1.6079653707305566	-2.4614222400616	-1.7680641612771058	-3.8783901496259094	0.28790689402332903	-0.6504647884718564	0.9837591598653724	0.6336496105550867	0.3077238360588951	5.945448634196544	1.8959410569630957	1.4001064762466582	-1.074183851803907	-0.2544440663621377	-0.17530056122457974	1.4396668203385536	1.0257015738755624	0.2891686018041572	-1.29103704688148	0.1388672211348372	-1.3586024755035284	-0.6124912435675183	-1.5001599227702536	-1.0666387142145592	-0.24935420548909507	0.2911045289041859	-2.6308077048400884	1.7823641190353838	-0.05225346335091097	-0.6615126833670149	-1.0798734480350445	-1.8022795187534084	-1.1871655971701367	-0.5556273826876973	-0.17531737254802163	-0.5125911827394134	0.16344134604223526	0.6455152210086206	0.7719184021159818	-2.18125760355213	-0.14578121225684715	-0.17209617183547446	0.0009966866973711197	-0.14569529007445112	-1.4512321257703358	-0.1549916920497845	-4.027355456000825	-1.0743315143195904	-0.7173206421807563	-2.5363223984094025	1.0060272480836892	1.0536716203963545	2.528079576120607	2.474914030733364	2.2378577014063654	-0.7536271158446644	-1.4413728410427584	4.046261469068057	-2.2414721342317296	-0.4810098977694063	-3.3514088372804895	2.390806233620742	-2.1552397365876486	1.3276240725023274	1.2302247066660317	1.4478360368221164	1.4052270664481283	1.8463173401816737	2.6680578303727693	1.9713142525982426	-0.10106764433773315	2.308033811238317	-0.06739499394626747	-0.14142200599829916	-1.5558386498632086	-0.7966259099949132	-2.054877317950491
r	0.8182418465735972	-0.4398478017402832	-1.3496164172846774	-2.5107950788427984	-1.9984106738336322	-1.391409292571393	-2.1062412602499236	-2.7962460757717498	-2.0276987914422406	-3.473416002023331	0.18857328168782644	-1.0498483320938363	0.8052833338641612	0.48677388292576496	1.953070564936627	1.8959410569630957	7.418998481389835	4.649816160045942	2.451829462441057	-1.2721189063433251	2.3715160146989276	-0.25233252278190516	2.6131464229741916	-0.4416849110444525	-3.733565234598557	0.494134858565141	-1.0590807215142841	-2.3909324277736985	-2.6091284285301444	0.2694345500976143	-1.460576731981445	-1.6920190102188881	-3.6973325461421114	0.6645121078396209	-2.861983179184342	-0.13392012738953948	-0.31615262677387046	-1.7117949744452463	-0.814980110208948	-0.2056459099408152	-0.6821709625850798	-0.9044491167975991	-0.3107375859032184	0.24704009805374474	-0.15188630920682752	-3.977520188760488	-0.11202821820653623	-1.9877734625413712	-0.9207371097253717	-0.5124374163011528	-1.1221911952308414	-0.8733669846634536	-3.655410661945633	-2.0298124707818483	-0.47733738310184476	-2.9867423640217123	-1.080542673108566	1.5894384705886904	1.5909039881117042	1.7885236500928394	-0.5558770364188542	0.19120810032396496	-1.8174493794299988	1.5935636490779035	-2.1581170539816728	-2.719582912406712	-1.6830912563092768	0.45921097240482694	-0.4869221556164354	1.147571426942154	-0.2770459008253688	-0.46764118149549216	-0.16059465937571318	1.6833419444385278	-0.3549764339691502	1.6114349417388039	5.017282857268528	0.31240059534154546	-0.6570646870329095	-1.413344985125149	-1.3138830697294737	-0.19424047234508235	-2.52413734044419
s	2.424291726252021	-0.5755954001158211	-1.4420068356053792	-1.8308027337292914	-2.290716315932807	-1.6405664479377948	-2.139564979517836	-2.41633667644702	-1.9803928098536931	-4.544079535055206	0.8822350022303971	-0.5159730217252932	0.06452573200386462	1.7622485609623686	-0.6168128987663447	1.4001064762466582	4.649816160045942	7.672892834147882	0.7735936411566834	1.3200414286780429	1.1788848914403929	3.019308124880869	1.5857675949624854	2.7084591376813503	1.5787417737925173	1.461505291887512	0.6523404293139987	-2.1893814829736753	-2.643733644728215	-0.8325143324319	-1.2942252639326786	-0.2725445564488378	-3.2221650249171367	0.7170661673903203	-1.8824925818233662	-0.483002276795355	0.9192550097180014	-0.7120354187891155	0.10347080570317525	-1.5722796253910336	-1.0760410337377337	-1.795869817939575	-1.342404778426764	-0.4734804782286743	-1.890561598883317	-2.2616535742913224	-0.9951813033649117	-1.2942316629621908	-0.814653966356779	-1.3567440306237966	-2.33053384860768	-1.6310121005704536	-2.500267428808408	-2.149081695895875	-2.924988866421661	-3.851760864092311	-1.0750568672146457	-0.02700455059249289	0.22671282812665652	2.202873187645403	0.5539454292898017	2.200881703181319	-2.490035478648716	3.2771213600844615	-0.83070315320039	-0.8072065109042728	-1.355677355527994	3.161664304533035	-0.15950825483515274	-0.8672468636190147	-0.5124231197666219	-0.8959904703345412	-0.5357948479698597	1.2497629804071546	-0.9418326591619836	1.2557059478600268	-3.4976535853639974	0.4815524122060956	-0.9504978226713143	-1.9491143947134921	-0.7596032710324349	-0.13618778121582456	-1.8663452032345969
t	-0.19749119557171013	-0.32847712382834465	-2.4238474324857067	-2.7889365504776267	-2.9566204470754958	-2.968389743110182	-2.8029025471137263	-2.592331656232043	-2.6332139856119436	-5.555419993403336	-2.204086410376138	-1.6060365399777063	-1.1788529185766352	-1.3269344414761324	0.396039325227835	-1.074183851803907	2.451829462441057	0.7735936411566834	7.444015538295706	0.3580070507054936	2.7076276012625944	1.5203262269182019	0.07596322478446814	0.7260496062768271	1.4830254490644796	1.1246122521851791	0.20779778640140856	-1.9477985105023712	-2.582296011420665	-2.063262118891574	-1.93669840443489	-1.8306397838645097	-4.104412574165905	-0.40395159570057776	-3.145459773695391	-1.821960889949924	-1.8573889174395037	-1.8442085654771971	-1.3968468226402388	-1.5195506760872108	-1.504067471880255	-0.4573863863018748	-1.02564611794378	-0.7182850923154257	-1.5241721706757325	-4.010512054905736	-1.1466401800199462	-1.3410383872092826	-0.28118550645309687	-0.5970393961818903	-1.7382553254449506	-0.43923382747500345	-3.4732297836922283	-2.5173614904331068	-0.7041781207220571	-2.3377984948594457	-2.3260514174205946	0.6674183351516413	0.8296016238660646	0.9356814099116528	-2.86849997658942	-0.6237154855812388	-0.7086085511622873	0.5610486281000732	-2.6342387264351177	-3.195704584860157	0.16271516612464107	-0.016910700048617895	-0.9630438280698803	1.5717540570852773	2.1408989819721214	1.620035036774177	2.5599968803274624	2.757100313550793	1.5876150509996467	0.5118766207495669	-0.4938342365411209	3.4321297397519928	-2.6609239915145606	0.9070571697558505	-2.114548785277292	-0.4701551886030828	-2.5607710720912107
u	-1.1300584068024768	-0.18205550342396587	-1.811570420832932	-1.8613016112641847	-1.9274876364521356	-2.292017023274196	-2.830040255808938	-4.394969189526391	-4.003107006252001	-6.5615806583705965	-1.4038013961630653	-2.3727610010000046	-0.9136053018606771	-1.781933780768895	-0.03491466715093159	-0.2544440663621377	-1.2721189063433251	1.3200414286780429	0.3580070507054936	8.571186834883447	3.30325392767909	0.8596037772250722	1.1292105074753829	1.766109375832281	0.5842380570585992	0.41681709050676835	-0.3292267969573688	-1.3196241436764273	-3.7241478300518303	0.5995214831812724	-2.2039838852273137	-2.677996466738835	-4.863882248303879	-0.44432209646585946	-1.4853905563195806	-3.5912033028350754	-0.8701613922273629	-1.5116826100918737	-1.7873257011411285	-1.0926002866409066	0.2898574922303463	-1.294816828396881	-0.07083363500683741	3.4325583508513366	-0.6189904554633904	-0.7070636505834473	-2.0980056747264832	-3.2561506497620427	-2.837053688276435	-2.246589030898133	-3.701387413077988	-2.887689066877362	-6.701343523529943	-4.3505801731262075	-4.457390005664686	-5.258261625785023	-2.352824314785154	-2.466928313822654	-1.086678529174573	-1.0365175882120494	-1.1413165633550721	-0.9356318920358313	-4.218464335228789	2.1925486932791127	-1.5591320097804635	-2.1205978682055022	-1.084106212108067	-0.6198758885066009	0.11206288858477378	-2.4550773900262874	-2.1763117241519847	-2.2332285695901386	-1.6887215330778431	-3.1901607828230065	-1.5633463118255448	-2.3005419333373665	-3.226082441944071	-2.033472806264784	-3.2832545048394746	-2.6104290554350285	-3.0368261204156264	-0.4244367126546552	-2.7004334722337373
v	0.011971962761948412	0.5585520082011673	0.25557084761142396	0.24367660068745475	-1.4778522569306038	-0.6652855282856602	0.1719751946272973	-1.0864389058622266	-0.1759507571034197	-0.9556450624153427	-0.0710701013220389	-1.079238652973542	-1.5960321698931295	-1.6380389954848935	-1.9877005881863534	-0.17530056122457974	2.3715160146989276	1.1788848914403929	2.7076276012625944	3.30325392767909	8.52322374198763	4.415597606411441	1.846050155546361	4.833562201321409	4.70550072145955	3.838950306059518	0.750159448942626	1.0941576554159538	-1.7406860041503711	-0.24606668407419133	1.8987951791019002	-0.5991110696690357	-2.066313883917094	0.9840124582552068	0.849834594010004	-0.442391276736372	0.9586252837718757	1.5548710268768213	0.9629369484672999	1.346460674673218	2.030960142553299	2.5379079814035204	0.5481844813233383	1.7651647038728286	0.5907038127823355	-3.016543084666908	-0.9327055258392107	-1.255909747145267	-1.0722914689728915	-0.7173798744178543	-3.5480599058567917	-1.7077421420256882	-5.627383686181096	-3.3810044951133027	-2.7798836984915716	-4.9139913358524305	-1.0532230741862907	0.661845959039504	-0.5588083009025927	-0.8712174393247774	-1.8504855323839413	0.436119134318867	0.531798314379639	0.29895515311281623	1.191130639827965	0.6296647814029259	1.6661564375003612	2.1303867611018275	2.8623255381932022	-0.5861702439192396	-0.3556597466521585	-0.8048940148690726	0.1355416979743623	1.4080987733403718	-0.620438584274721	1.1277926213836997	-0.47581979233564253	-1.6051382515437183	-0.9875577186965276	-1.4716011179089474	1.412266994472237	1.6790803660350406	0.0774572725724884
w	0.26305971973498704	0.15264058402443698	-0.6247767624059652	-1.1666511423622323	-2.3865433740258757	-1.365853063835495	-1.870966526665532	-4.995424793829494	-3.441067143292411	-4.732738070269686	-0.5559676953909399	-1.7880738585725429	-0.4003495971398039	0.1346605180499723	-1.6445219698235651	1.4396668203385536	-0.25233252278190516	3.019308124880869	1.5203262269182019	0.8596037772250722	4.415597606411441	10.439709977530171	5.494392341171215	-1.0281179718675026	2.6001891228003693	3.202829833285738	0.29271002007597596	0.3912791051976446	-0.4318431675813033	0.07306646032194607	0.12517118257818516	1.4072881997690947	-0.4054441635534141	2.8727601390390642	2.3880850277097285	1.0400713787776055	0.4779814057191297	-0.5113372157704079	-0.5588373889051933	0.3701379355431837	1.5983201648827439	1.8627547769940516	1.8996664034173363	1.248709245482418	0.9769511530370099	-1.9363988721379137	-0.13142068630569262	-0.4464509761660487	0.5466166280720578	-0.24036707023999762	-2.074349724351778	-1.4430567816519273	-4.6847429974020365	-2.8878419509421165	-2.4442624313068655	-4.338710171207739	1.1265733886009572	1.5955810945966717	1.3013702276844943	0.652533424679832	2.99519342650803	2.6703633811284915	1.239973749521676	0.6852024933674906	3.899306074970002	1.0159121216576006	2.0524037777550355	4.5870234292479	3.2485728784478765	0.9784143375939474	0.2232326715449119	1.5355496357724772	1.954748445505143	2.7537041290977	1.35077125670111	3.420930557246893	1.495390048640188	3.0665113075732044	0.0013541240127617783	-0.5548390609554933	1.936603249047219	-0.07562311907868839	0.06866863098787519
x	0.15630664412880668	1.116537797518032	0.10102922576355196	-0.5178231519090567	0.013782280069727471	-0.432940663486772	-0.9493872528068942	-0.6248789231488328	-1.3134959291622998	-4.372517801889774	-1.1113180720260039	-1.832572097745027	1.8328101919766138	0.7868867044497105	-0.9467719804874108	1.0257015738755624	2.6131464229741916	1.5857675949624854	0.07596322478446814	1.1292105074753829	1.846050155546361	5.494392341171215	8.98757224838513	6.836995379839869	2.700729403283194	3.763981636635197	-0.6750666423813937	1.0205377757620058	-0.6720974828114297	1.5780427949997076	1.597967111506797	1.5790452787945586	-0.9175413422345936	2.9643620236606263	0.6129534431947546	1.6857829152226813	-0.13539910879923167	1.1649105460571825	0.4758086109042927	1.3319719451944163	1.8068867680386698	1.9790987357009087	2.2905447703412913	-0.04998429508956877	1.327350450605895	-1.492890170177547	0.41537582406669593	-0.10422561004286379	0.5814686241753029	0.03634027676464663	-0.978101474873851	-0.9577986815886707	-5.644299153054438	-3.3548512400947583	-2.072552627492568	-5.946731769887455	-0.44210731844658996	1.6599848378884519	1.4059444094518088	0.8774018401648583	2.220061841993057	1.8952317966135175	-0.8570859298806603	0.9100709088525172	1.8022463955676657	1.2407805371426266	2.2772721932400617	4.667501935397751	4.473441293932903	0.236449617014173	0.8173348966956572	-0.3864233370717678	0.5946543602690126	2.8492895276377603	2.7455646736284485	3.3827645668981257	0.13529596340405803	1.7064172223370746	-0.5463669643991393	-0.860485362169247	-1.2141165635147184	-0.05428809767879414	-0.0027827263251245164
y	-1.3319147410625436	-0.9543285055010753	-0.28567543940230394	-0.7020161140216078	-1.2299442917410601	-1.3795406820552676	-1.1598978146491183	-3.2374227234804325	-2.0932855559244175	-1.465402783256383	1.4311339913707481	-0.04309112116655758	1.9374888036128706	0.6565952301655095	-1.476535627921945	0.2891686018041572	-0.4416849110444525	2.7084591376813503	0.7260496062768271	1.766109375832281	4.833562201321409	-1.0281179718675026	6.836995379839869	9.871500025552681	5.308210399607311	4.862162973901418	-1.4209089372201738	-1.3166932889573633	-1.7011874043735125	-0.03286991975296399	0.48194155317343346	-0.8333732823190296	-5.669809906232807	-1.2502497543947872	-0.969390119361146	1.1796110331521845	0.4375355541227786	2.3125174018732793	1.1560959595519822	1.1646658819173599	0.6720021824539903	0.1781148866696678	-0.4934326533842596	2.2745627379630493	-1.5180275177837996	-2.052865919704993	0.7075013794269365	-0.8410791216543891	1.1423472695222425	0.03895921492990204	-2.25250117197809	-1.1535084598693939	-5.425546784024416	-3.2282435846540496	-1.7022019048268253	-2.6679884264479616	-0.2874852868362845	-0.6878934710304259	0.7918919871685699	0.15755475385902265	-0.49978524431277876	-0.5351086724973331	3.969961443701141	1.6496554411839788	2.5418309278991273	4.302293164361451	3.0168567255715235	1.1591589542856273	4.2130258262643645	1.1604587204830619	4.003602554922428	1.7937337866456755	2.8647536092992545	1.9108021548565843	-1.2697382962035586	1.4784929094548622	0.8748804957355198	2.4460017546685364	-1.3917449327888338	-0.590386113139005	-2.2370327174566005	1.3302014758301057	0.12822674806323062
