	L	B	S	T	H	I	N	U
L	1.1919680395925992e-05	9.181736532877188e-05	0.0036642577439170336	0.0012651594486123114	0.0008081307548747595	0.0003600571124834942	5.317433345307953e-05	0.0006385419097364721
B	9.181736532877188e-05	0.00017681742076739284	0.014112899035741085	0.004872765184714497	0.003112517881734179	0.00138676098427182	0.0002048010952728255	0.0024593459663584654
S	0.0036642577439170336	0.014112899035741085	0.28160958112696266	0.19446286112050257	0.12421471374599351	0.05534301335466116	0.008173225147868429	0.09814785547300202
T	0.0012651594486123114	0.004872765184714497	0.19446286112050257	0.03357112727116584	0.04288765412676043	0.01910830000333957	0.0028219720729600584	0.033887541595249634
H	0.0008081307548747595	0.003112517881734179	0.12421471374599351	0.04288765412676043	0.01369741669410998	0.012205580034208114	0.0018025573172283462	0.021645939253156367
I	0.0003600571124834942	0.00138676098427182	0.05534301335466116	0.01910830000333957	0.012205580034208114	0.002719056215094941	0.0008031170436370968	0.009644199700941278
N	5.317433345307953e-05	0.0002048010952728255	0.008173225147868429	0.0028219720729600584	0.0018025573172283462	0.0008031170436370968	5.930338826756007e-05	0.0014242848509469462
U	0.0006385419097364721	0.0024593459663584654	0.09814785547300202	0.033887541595249634	0.021645939253156367	0.009644199700941278	0.0014242848509469462	0.008551734546281548
