	L	B	S	T	H	I	N	U
L	0.000291233289402966	0.00011948451606563796	0.0022311068777901826	0.0024819332708368147	0.00044154850095436186	0.00026050380579632803	0.0001929020560733897	0.0005950324228751273
B	0.00011948451606563796	0.004085588782316846	0.010606117381442215	0.0019515129544860068	0.0018365440453349494	0.002110960591745684	0.0001775567780929784	0.0016211885231552654
S	0.0022311068777901826	0.010606117381442215	0.44491126563812095	0.0571572054282173	0.03731161909803072	0.02734115124510737	0.0043794847226935815	0.03248877184608778
T	0.0024819332708368147	0.0019515129544860068	0.0571572054282173	0.13620807405931676	0.008346928099960838	0.004787633303538373	0.0035840060659860498	0.015723140852811762
H	0.00044154850095436186	0.0018365440453349494	0.03731161909803072	0.008346928099960838	0.08587221450602753	0.00612260241807169	0.001668407757529286	0.006599847570238728
I	0.00026050380579632803	0.002110960591745684	0.02734115124510737	0.004787633303538373	0.00612260241807169	0.02851069343598377	0.0009002251660674781	0.0057446772614379365
N	0.0001929020560733897	0.0001775567780929784	0.0043794847226935815	0.0035840060659860498	0.001668407757529286	0.0009002251660674781	0.0015073173736162011	0.0014845213442267315
U	0.0005950324228751273	0.0016211885231552654	0.03248877184608778	0.015723140852811762	0.006599847570238728	0.0057446772614379365	0.0014845213442267315	0.060346999010560454
