	L	B	S	T	H	I	N	U
L	37401.0	15347.0	286562.0	318772.0	56713.0	33460.0	24776.0	76427.0
B	15347.0	524717.0	1362174.0	250650.0	235886.0	271129.0	22806.0	208220.0
S	286562.0	1362174.0	57141653.0	7341164.0	4792139.0	3511541.0	562510.0	4172783.0
T	318772.0	250650.0	7341164.0	17494251.0	1072069.0	614917.0	460304.0	2019336.0
H	56713.0	235886.0	4792139.0	1072069.0	11028877.0	786343.0	214283.0	847685.0
I	33460.0	271129.0	3511541.0	614917.0	786343.0	3661643.0	115624.0	737835.0
N	24776.0	22806.0	562510.0	460304.0	214283.0	115624.0	193553.0	190614.0
U	76427.0	208220.0	4172783.0	2019336.0	847685.0	737835.0	190614.0	7750317.0
