Expected_score:	-0.1902106206089427
Entropy:	0.7660444873746719