Expected_score:	-0.21091103247792656
Entropy:	0.8174714707639966