Expected_score:	-0.19020436420863035
Entropy:	0.7660302806924111